0712104057636    75    9.375    8.335155    -1.897466    11.0308310312247
0712104057736    75    9.375    9.211089    -2.023964    10.7069642561759
0712104057936    75    8.59375    7.786271    -2.150461    10.6935305579172
0712104058036    75    8.59375    9.290899    -2.276959    10.9020401711217
0712104058136    75    8.59375    11.05157    -2.340208    10.7890572336174
0712104058226    75    7.8125    12.23824    -2.466706    10.7401282017751
0712104058326    75    7.8125    12.84018    -2.529955    11.2511859202535
0712104058426    75    7.8125    10.97482    -2.593204    11.071589278411
0712104058526    75    7.03125    12.61377    -2.593204    11.0876368167914
0712104058726    75    7.03125    14.10045    -2.656453    10.8098924058326
0712104058826    75    6.25    15.69835    -2.656453    10.413038954814
0712104058926    75    6.25    17.07717    -2.656453    9.90887263068213
0712104059026    75    6.25    16.62585    -2.656453    9.90506758514871
