0712104127938    80    8.59375    13.32861    -2.276959    11.1571335236597
0712104128038    80    8.59375    11.23096    -2.340208    11.3246484708737
0712104128138    80    7.8125    10.49591    -2.403457    11.0808390786318
0712104128238    80    7.8125    11.5379    -2.403457    10.2930479099783
0712104128328    80    7.8125    15.99402    -2.529955    11.1620816011761
0712104128428    80    7.03125    12.68551    -2.529955    10.4076431143219
0712104128528    80    7.03125    12.44092    -2.466706    10.4040257540775
0712104128728    80    7.03125    17.38742    -2.593204    10.2214195749687
0712104128828    80    6.25    18.83356    -2.593204    10.5412193245076
0712104128928    80    6.25    17.73644    -2.529955    10.1255933391344
0712104129028    80    6.25    16.92141    -2.466706    10.3885387502416
0712104129118    80    5.46875    16.63834    -2.466706    9.90135466465092
0712104129218    80    5.46875    19.16382    -2.340208    9.85918657417206
0712104129418    80    4.6875    21.54907    -2.21371    9.27585867286055
