0712102745942    43    34.375    7.536509    -1.264977    10.4189902346014
0712102746732    43    33.59375    7.954772    -1.264977    11.2263797821656
0712102747032    43    32.8125    7.44418    -1.391475    11.1569930450244
0712102747132    43    32.8125    6.704182    -1.454724    11.4342290789432
0712102747232    43    32.8125    10.13912    -1.454724    10.818976184165
0712102747422    43    32.03125    7.423746    -1.454724    11.3923347629008
0712102747522    43    32.03125    6.679044    -1.454724    12.3189444370526
0712102747622    43    32.03125    6.317564    -1.517973    12.1180411786643
0712102747722    43    32.03125    6.703249    -1.517973    11.9762221655563
0712102747822    43    31.25    6.154511    -1.517973    12.1002625227832
0712102747922    43    31.25    6.756782    -1.581222    12.0604331206075
0712102748112    43    31.25    6.837553    -1.454724    11.1568626467653
0712102748212    43    31.25    6.282483    -1.517973    11.3754682649836
0712102748312    43    31.25    6.686045    -1.517973    10.8924192865361
0712102748512    43    31.25    8.246927    -1.64447    11.4323934990473
0712102748612    43    30.46875    7.858864    -1.64447    11.7232718321557
0712102748712    43    30.46875    10.13065    -1.707719    11.1685765610586
0712102748802    43    30.46875    8.212136    -1.707719    11.7857473695676
0712102748902    43    29.6875    6.342922    -1.707719    11.4748622022856
0712102749002    43    29.6875    6.802523    -1.770968    11.6834152381786
0712102749102    43    30.07813    8.405247    -1.707719    11.5697096654746
0712102749202    43    29.6875    6.754288    -1.770968    11.892200051143
0712102749302    43    29.6875    8.683299    -1.834217    11.8389178282389
0712102749402    43    28.90625    8.367762    -1.834217    11.7012369566917
0712102749592    43    28.90625    4.938601    -1.897466    11.0711755418939
0712102749692    43    28.90625    7.01265    -1.897466    11.4785673165152
0712102749792    43    28.125    7.531913    -1.960715    11.2186485166847
0712102749892    43    28.125    6.875742    -1.960715    11.9248530982672
0712102749993    43    28.125    8.225753    -2.023964    11.6442110611441
0712102750092    43    27.34375    7.867857    -2.023964    11.1817991849936
0712102750283    43    27.34375    7.733016    -2.150461    11.0579113741156
0712102750483    43    26.5625    6.194598    -2.276959    11.3087251275109
0712102750583    43    26.5625    8.732735    -2.403457    10.9979014184096
0712102750683    43    26.5625    6.136254    -2.466706    11.8432974662661
0712102750783    43    26.5625    5.075859    -2.466706    11.9229161099769
0712102750883    43    26.5625    4.226713    -2.593204    11.2137087403416
0712102750983    43    25.78125    10.53163    -2.593204    11.6962962223766
0712102751073    43    25.78125    8.292451    -2.656453    11.8335776367683
0712102751173    43    25    5.725228    -2.719701    11.3255315362094
0712102751373    43    25    9.620642    -2.78295    11.9034596558048
0712102751473    43    24.21875    7.521857    -2.909448    12.1724810335926
0712102751573    43    23.4375    5.640261    -2.909448    11.933096799831
0712102751663    43    23.4375    7.217978    -2.972697    12.617304714584
0712102751763    43    23.4375    6.262616    -3.035946    12.4663501225184
0712102751863    43    22.65625    6.948676    -3.099195    12.3341069300422
0712102751963    43    22.65625    7.648386    -3.162443    12.5685622041634
0712102752063    43    22.65625    6.810553    -3.225692    12.0485163974827
0712102752163    43    22.65625    6.850471    -3.288941    11.8965857036583
0712102752263    43    22.65625    7.34076    -3.288941    11.6478636787356
0712102752363    43    21.09375    5.93193    -3.35219    11.5940417714722
0712102752463    43    21.09375    7.785764    -3.415439    11.7696981624242
0712102752553    43    21.09375    7.470655    -3.478688    11.5856857347945
0712102752753    43    20.3125    8.796602    -3.541936    12.1145095300417
0712102752853    43    19.53125    9.329224    -3.541936    11.9912471936119
0712102752953    43    19.53125    7.035002    -3.605185    12.0522557809778
0712102753053    43    19.53125    6.961068    -3.668434    11.8180554306272
0712102753143    43    18.75    7.547994    -3.668434    11.8291503061468
0712102753243    43    17.96875    8.213761    -3.668434    11.8146601818446
0712102753343    43    17.96875    8.17752    -3.668434    11.5957890066486
0712102753443    43    17.1875    5.260206    -3.668434    11.3259490236164
0712102753643    43    17.1875    8.06765    -3.731683    12.1279769644307
0712102753743    43    16.40625    8.51371    -3.731683    12.3356260380347
0712102753843    43    16.40625    9.606447    -3.794932    11.7200481558694
0712102753943    43    15.625    7.74172    -3.794932    11.8319620021216
0712102754033    43    16.40625    8.426759    -3.794932    11.2995658394055
0712102754233    43    14.0625    9.672974    -3.858181    12.1950436136351
0712102754333    43    14.0625    6.667382    -3.921429    11.4822491062574
0712102754433    43    14.0625    7.938647    -3.921429    11.6418806277972
0712102754533    43    13.28125    9.524595    -3.858181    11.6110814862293
0712102754633    43    13.28125    10.79803    -3.858181    11.861022922997
0712102754733    43    12.5    14.29814    -3.858181    11.618018856282
0712102754823    43    11.71875    8.471992    -3.858181    12.0808494195668
0712102754923    43    11.71875    11.37513    -3.858181    11.8744039843171
0712102755023    43    10.9375    7.952234    -3.858181    11.4754813660755
0712102755223    43    10.9375    12.79587    -3.794932    11.9777771312356
0712102755323    43    10.15625    8.573689    -3.858181    11.0712845097818
0712102755713    43    9.375    15.54887    -3.731683    11.3782781095143
0712102755813    43    8.59375    18.44451    -3.731683    10.6636535323373
0712102756013    43    8.59375    15.0625    -3.668434    10.3959995590194
0712102756213    43    7.8125    16.78046    -3.668434    10.1267622541509
0712102756403    43    9.375    13.23893    -3.731683    10.2763572208068
