0712103141418    122    7.8125    2.410758    -1.328226    11.663556281262
0712103141618    122    7.8125    4.787082    -1.328226    10.9298435462212
0712103141818    122    7.03125    2.311795    -1.201728    10.6534054361313
0712103142008    122    7.03125    5.119459    -1.391475    9.91438146771295
0712103152379    2    9.375    5.182112    -1.075231    11.0764216910001
0712103152469    2    8.59375    5.515528    -1.13848    10.6258790666703
0712103152569    2    8.59375    6.277635    -1.075231    10.7602751048503
0712103152669    2    8.59375    2.465352    -1.13848    11.2271105373513
0712103152769    2    8.59375    1.174362    -1.201728    10.9486030230101
0712103152869    2    8.59375    1.333576    -1.201728    11.0153570364868
0712103153069    2    7.8125    3.068427    -1.264977    10.7994402230329
0712103153159    2    7.8125    4.215419    -1.264977    11.0344574656073
0712103153259    2    7.8125    7.716265    -1.264977    11.1394420032165
0712103153359    2    7.8125    0.03535943    -1.328226    11.1123420476978
0712103153459    2    7.8125    -1.340777    -1.264977    10.7672552979206
0712103153559    2    7.8125    -2.00216    -1.264977    10.8437849734068
0712103153659    2    7.8125    6.038492    -1.328226    11.2337214667912
0712103153759    2    7.03125    7.908453    -1.328226    10.9420440546124
0712103153859    2    7.03125    7.850835    -1.328226    10.897661338253
0712103153959    2    7.03125    7.725753    -1.328226    10.9175538852023
0712103154049    2    7.03125    9.904888    -1.328226    11.1192997664339
0712103154149    2    7.03125    8.417268    -1.328226    10.5339414212998
0712103154349    2    6.25    7.342637    -1.328226    11.0921692167593
0712103154449    2    6.25    6.114865    -1.328226    10.4959797329208
0712103154549    2    6.25    1.819123    -1.328226    10.4331500937991
0712103154639    2    6.25    7.157446    -1.264977    11.2219102952504
0712103154739    2    6.25    11.2203    -1.264977    11.0505780580039
0712103154939    2    5.46875    8.404977    -1.264977    10.1898547286824
0712103155039    2    5.46875    8.412601    -1.201728    10.8509210960529
0712103155139    2    5.46875    8.230644    -1.201728    10.4081623486701
0712103155239    2    5.46875    14.54822    -1.13848    10.9456018184369
0712103155339    2    5.46875    9.75304    -1.13848    11.5423741608048
0712103155429    2    5.46875    18.78023    -1.075231    10.5651161453174
0712103155629    2    4.6875    9.700805    -1.075231    11.0362498317043
0712103155729    2    4.6875    12.39656    -1.011982    10.97349259812
0712103155829    2    4.6875    8.508369    -1.011982    11.2275530021632
0712103155929    2    4.6875    12.86272    -0.9487329    11.1032459292189
0712103156029    2    4.6875    10.45271    -0.9487329    10.5799841692249
0712103156229    2    4.6875    9.970488    -0.8854841    10.5878805943148
0712103156319    2    4.6875    15.3874    -0.8854841    9.80949996041467
0712103156719    2    3.90625    10.52483    -0.6324887    10.7580384553043
0712103156919    2    3.90625    13.26215    -0.5692398    10.7352926099141
0712103157509    2    3.90625    12.89032    0.06324863    12.1337384912654
0712103157999    2    3.90625    11.24105    0    11.8835227315009
0712103158299    2    3.90625    13.62355    -0.1897466    11.7678954251468
0712103158399    2    3.90625    12.6493    -0.1897466    11.9707502631142
0712103158489    2    3.90625    12.30383    -0.1264977    12.0931559534953
0712103159089    2    3.90625    13.92163    -0.06324887    11.9448215831296
0712103159279    5    5.46875    9.13521    1.64447    10.5850556024408
0712103159379    5    5.46875    10.52197    1.64447    10.6881827010352
0712103159479    5    5.46875    9.076756    1.707719    11.120854618265
0712103159579    5    5.46875    12.17653    1.707719    10.3631325233562
0712103159869    5    6.25    10.12553    1.707719    10.411959542649
0712103159969    5    3.90625    11.20827    8.076752    11.6981243589725
0712103200069    5    6.25    11.53553    1.581222    9.70309607320889
0712103200369    5    7.03125    14.06812    1.328226    10.5933248969896
0712103200469    5    7.03125    13.02522    1.201728    10.9633555257824
0712103200569    5    7.03125    7.494152    1.075231    11.0159586964094
0712103200659    5    7.03125    4.51431    0.9487329    10.6254605125044
0712103200759    5    7.03125    7.993261    0.7589864    10.6892841616414
