0712103119607    120    7.03125    4.048867    -2.78295    10.2265303027798
0712103119707    120    7.03125    7.547109    -2.78295    10.4830298473705
0712103119807    120    7.03125    10.26011    -2.972697    10.6209551431238
0712103119907    120    6.25    10.92647    -3.099195    10.4557970188506
0712103120007    120    6.25    8.773072    -3.035946    10.5399381426909
0712103120107    120    6.25    9.316389    -3.099195    10.0311293162265
0712103120197    120    5.46875    11.84939    -3.162443    10.3304752938077
0712103120297    120    5.46875    16.16419    -3.162443    10.1659412475934
0712103120397    120    4.6875    15.8993    -3.225692    10.2466677460417
0712103120897    120    3.90625    16.74389    -0.2529955    11.2314036906577
0712103121287    120    3.90625    11.84041    -0.1264977    11.7349774760209
0712103121487    120    3.90625    13.03738    -0.1897466    11.8492177774025
0712103121587    120    3.90625    13.64525    -0.1264977    11.8667642362952
0712103129187    121    10.15625    4.879189    -0.1264977    12.9194165086296
0712103129187    122    4.6875    2.981354    0.6957375    12.1897985446941
0712103129277    122    4.6875    -0.1835217    0.6324887    12.8678102799309
0712103129377    122    4.6875    -6.507822    0.5692398    12.1991632724601
0712103129477    122    4.6875    3.450108    0.6324887    13.4455646445019
0712103129577    122    4.6875    5.204    0.6324887    13.7973692581881
0712103129677    122    4.6875    2.072426    0.442742    12.8833641975143
0712103129777    122    4.6875    1.091499    0.3162443    13.2929473369435
0712103129877    122    4.6875    5.9334    0.1897466    13.2435902517736
0712103129967    121    10.15625    4.618821    -7.887005    12.8364672280309
0712103129967    122    4.6875    5.009103    0.1264977    13.6490796230813
0712103130167    122    4.6875    9.764335    8.076752    12.9337740002554
0712103130367    122    4.6875    5.540547    8.076752    12.4543594527718
0712103130857    122    4.6875    4.34692    8.076752    13.3089804174983
0712103131057    122    4.6875    7.090266    -0.06324863    13.6361840410384
0712103131168    122    4.6875    4.755065    -0.06324887    13.3032253396929
0712103131258    122    4.6875    7.430253    -0.06324887    13.4190793992064
0712103131548    122    4.6875    5.831358    0.06324863    13.2828146503123
0712103131648    122    4.6875    7.280844    0.1264977    13.229656437737
0712103131748    122    4.6875    4.409624    0.1897466    12.9128099624396
0712103131848    122    4.6875    5.989894    0.2529955    12.7963438068657
0712103131948    122    4.6875    6.138962    0.2529955    12.9721012833041
0712103132048    122    4.6875    6.183936    0.5059909    13.2708390053426
0712103132138    122    4.6875    4.709489    0.6324887    13.4183202022285
0712103132238    122    4.6875    8.32548    0.6324887    12.8023208983497
0712103132438    122    5.46875    4.823306    0.6957375    13.347948770979
0712103132538    122    5.46875    5.062158    0.6324887    12.7690173031918
0712103132738    122    5.46875    7.454193    0.6957375    13.2013758514274
0712103132838    122    5.46875    4.415514    0.9487329    13.0533574561635
0712103132938    122    5.46875    5.457289    1.075231    13.0467257530886
0712103133128    122    5.46875    4.187182    0.948733    12.3745501128567
0712103133428    122    6.25    7.116474    1.264977    13.1307199922789
0712103133628    122    6.25    5.402869    1.328226    13.1657376913526
0712103133718    122    6.25    5.538763    1.328226    13.0831190510622
0712103133818    122    6.25    4.02844    1.201728    12.8102819818511
0712103133918    122    6.25    3.73862    1.264977    12.9302509411776
0712103134018    122    6.25    6.50753    1.517973    13.2681945452615
0712103134118    122    7.03125    6.557937    1.707719    13.6859660674156
0712103134218    122    7.03125    4.819032    1.13848    13.827646665222
0712103134318    122    7.03125    7.115159    1.13848    13.5608879617907
0712103134418    122    7.03125    5.706258    1.328226    13.4859043860593
0712103134508    122    7.03125    6.551947    1.328226    12.9839396809867
0712103134608    122    7.8125    5.481815    1.391475    13.1057621068047
0712103134708    122    7.8125    5.682365    1.13848    13.1965927323933
0712103134808    122    7.8125    5.071986    1.13848    12.939317660912
0712103134908    122    7.8125    3.77216    1.13848    13.0600902749054
0712103135008    122    7.8125    4.529922    1.138479    12.2865787000732
