0712102537943    16    38.28125    3.043777    3.415439    11.3915792789001
0712102538143    16    39.0625    -1.165248    2.972697    11.2185748404263
0712102541104    18    61.71875    4.357583    1.64447    10.4453574413391
0712102541394    18    62.5    6.297345    1.897466    10.2996233522289
0712102541494    18    62.5    5.81415    1.770968    10.54956065931
0712102541594    18    62.5    6.039168    1.770968    10.4003653620745
0712102541894    18    63.28125    5.094123    1.834217    9.89442563838047
0712102541994    18    63.28125    6.166013    1.707719    10.1412464993928
0712102542084    18    63.28125    7.244717    1.707719    9.47374157175625
0712102542484    18    64.0625    4.99968    1.834217    9.85550191575583
0712102542484    19    37.5    -3.110182    -1.770968    10.977083190326
0712102542684    19    36.71875    0.214049    -1.897466    11.1670022880371
0712102544954    22    32.03125    2.554539    -1.64447    11.243177058889
0712102545444    22    31.25    6.672121    -1.770968    11.0691118250255
0712102545544    22    30.46875    6.1764    -4.914309    9.49097728221374
0712102545934    22    30.46875    2.218972    -1.264977    11.4581543449534
0712102546534    22    28.125    4.940256    -1.960715    11.0643475019948
0712102546724    22    28.90625    6.442747    -2.276959    11.121491154607
0712102547024    22    28.125    9.7238    -1.897466    11.6244334320506
0712102547224    22    28.125    6.047432    -2.21371    11.0965028280667
0712102547414    22    27.34375    3.070433    -1.960715    12.2326818358036
0712102547514    22    27.34375    5.598467    -1.960715    12.4131565556837
0712102547714    22    27.34375    1.520443    -2.276959    11.7979383960765
0712102548104    22    26.5625    6.144119    -2.023964    11.4306106559626
0712102548504    22    25    6.835379    -2.087213    11.5653981473976
0712102548604    22    25    2.420386    -2.150461    11.8845490079921
0712102548694    22    25    -2.287106    -2.21371    11.8325669090083
0712102548804    22    25    4.844755    -1.960715    12.1050908664295
0712102548894    22    24.21875    7.364565    -1.960715    11.6500204945783
0712102549294    22    23.4375    7.512414    -1.897466    11.6069435934778
0712102549394    22    23.4375    4.161418    -2.023964    11.8653994002248
0712102549494    22    23.4375    1.541604    -2.023964    12.0174881223844
0712102549584    22    22.65625    5.341475    -2.150461    11.4506496933487
0712102549784    22    22.65625    6.105072    -1.897466    11.7733856872482
0712102550084    22    21.875    6.823778    -2.087213    11.5919768942786
0712102550274    22    21.875    0.9808862    -1.897466    11.721491355185
0712102550474    22    21.09375    9.158122    -2.087213    11.6422935067432
0712102550574    22    21.09375    6.261419    -2.150461    11.8912115768986
0712102550674    22    20.3125    6.400284    -1.960715    11.3528330313079
0712102550974    22    20.3125    10.32503    -2.087213    11.6550261701045
0712102551164    22    19.53125    2.951588    -1.834217    12.2424954324995
0712102551264    22    19.53125    4.81786    -1.897466    11.750261851755
0712102551364    22    19.53125    6.942312    -1.834217    11.7977105855818
0712102551664    22    18.75    4.558971    -1.770968    12.3744879629173
0712102552254    22    17.96875    12.3729    -1.770968    12.3295497215512
0712102552354    22    17.1875    7.374242    -1.897466    11.9567308018899
0712102552454    22    17.1875    10.0792    -2.087213    12.0730000897348
0712102552845    22    16.40625    7.2856    -1.960715    12.2116344662065
0712102553145    22    16.40625    13.53047    -1.770968    11.6071033609741
0712102553235    22    15.625    6.034995    -1.834217    12.2838997294518
0712102553335    22    15.625    8.234191    -1.960715    11.6897365369653
0712102553435    22    15.625    11.36361    -2.087213    12.2328236048703
0712102553635    22    14.84375    6.445431    -1.834217    12.2348508525342
0712102554125    22    14.0625    11.35965    -1.770968    12.0410342959059
0712102554625    22    13.28125    3.964775    -1.897466    12.7462021830529
0712102555115    22    11.71875    3.566208    -1.834217    12.556698294751
0712102555215    22    11.71875    7.47629    -1.897466    13.3450248224964
0712102555315    22    11.71875    5.951685    -2.023964    12.8835013901575
0712102555415    22    11.71875    11.27979    -2.21371    12.4463529901103
0712102555605    22    10.9375    8.574247    -1.834217    12.8511766003239
0712102556005    22    10.15625    3.641791    -1.834217    12.9744893453281
0712102556105    22    10.15625    4.289569    -1.834217    12.9267276547903
0712102556205    22    10.15625    6.265588    -1.834217    13.1758460210994
0712102556495    22    9.375    6.051913    -1.770968    13.3409198632184
0712102556595    22    9.375    6.697868    -1.834217    13.3326980067772
0712102556695    22    8.59375    5.733212    -1.897466    12.75965072509
0712102556795    22    8.59375    4.629503    -1.960715    13.0656483323281
0712102557185    22    7.8125    5.07183    -1.834217    13.6761523548538
0712102557285    22    7.8125    -0.2678041    -2.023964    13.6275239471954
0712102557485    22    7.03125    4.591791    -1.770968    13.2280196550529
0712102557585    22    7.03125    4.711215    -1.834217    13.3770648605698
0712102557685    22    7.03125    0.9349668    -1.897466    12.8189377629791
0712102557975    22    6.25    4.24719    -1.770968    13.5400024997252
0712102558075    22    6.25    4.099021    -1.770968    13.5565748330926
0712102558175    22    6.25    1.98028    -1.834217    13.3741544412213
0712102558475    22    5.46875    6.014676    -1.64447    12.9972550150852
0712102558565    22    5.46875    4.501106    -1.770968    13.3586084463817
0712102558665    22    5.46875    4.534283    -1.834217    13.3693500403999
0712102558865    22    4.6875    -2.234556    -1.834217    13.1332610494262
0712102558965    22    4.6875    -4.935148    -1.770968    12.947863678474
0712102559455    22    3.90625    2.940807    -1.581222    14.2550732188043
0712102600345    24    2.34375    2.27612    -1.517973    13.2225219474711
0712102600835    24    1.5625    0.7268825    -1.328226    10.9808749702598
