0712104249063    93    12.5    9.629359    -1.64447    12.4347980363584
0712104249263    93    12.5    6.224073    -1.960715    12.8987864580111
0712104249353    93    11.71875    1.960133    -1.770968    12.4316807129017
0712104249453    93    11.71875    5.817614    -1.707719    12.9911023420801
0712104249553    93    11.71875    1.36276    -1.770968    12.731356175022
0712104249653    93    11.71875    -5.391116    -1.834217    12.4816078320344
0712104249753    93    10.9375    2.52366    -1.834217    12.3695542916888
0712104249853    93    10.9375    2.396339    -1.707719    12.5310519075756
0712104249953    93    10.9375    1.776905    -1.707719    12.6173038611063
0712104250043    93    10.9375    4.16241    -1.707719    13.3634863813204
0712104250243    93    10.15625    5.128533    -1.960715    12.9232900103678
0712104250343    93    10.15625    5.333168    -1.707719    12.628219987483
0712104250443    93    10.15625    3.841832    -1.707719    13.266199711768
0712104250543    93    10.15625    4.969604    -1.770968    12.8232318369897
0712104250833    93    9.375    7.198035    -1.707719    12.9668097527476
0712104250933    93    9.375    5.388774    -1.707719    12.9556353326356
0712104251133    93    8.59375    4.975643    -1.897466    13.0853220220478
0712104251233    93    8.59375    1.741131    -1.834217    12.8438015156188
0712104251333    93    8.59375    3.47061    -1.770968    12.7823868003751
0712104251523    93    7.8125    3.523186    -1.770968    13.1617225033582
0712104251623    93    7.8125    2.736293    -1.897466    12.8904789058459
0712104251723    93    7.8125    4.454887    -1.960715    12.801588346928
0712104251923    93    7.03125    1.266962    -1.770968    13.4340454766941
0712104252023    93    7.03125    2.631375    -1.834217    13.4235170525964
0712104252123    93    7.03125    4.790726    -2.023964    13.1528426373802
0712104252313    93    6.25    3.747268    -1.770968    13.5042689053405
0712104252413    93    6.25    2.376528    -1.834217    13.7855542667034
0712104252513    93    6.25    7.404483    -1.897466    13.3414518198577
0712104252513    95    7.8125    12.2592    -1.517973    11.9046694562593
0712104252613    93    6.25    8.503466    -2.023964    13.093096307628
0712104252713    93    6.25    -0.05722298    -1.897466    12.9183113447868
0712104252813    93    5.46875    2.599237    -1.707719    13.5597979705131
0712104252913    93    5.46875    4.074688    -1.834217    14.0306505072361
0712104253013    93    5.46875    3.038491    -1.834217    13.8491811479173
0712104253013    95    7.03125    4.752339    -1.328226    11.5034117469304
0712104253103    93    5.46875    3.772079    -1.897466    12.8020171020663
0712104253304    93    4.6875    5.374816    -1.581222    13.2039435868992
0712104253403    93    4.6875    4.66616    -1.64447    13.3371395079165
0712104253504    93    4.6875    9.144851    -1.770968    13.0974719565468
0712104253794    93    3.90625    3.399348    -1.517973    14.2987681032634
0712104253894    93    3.90625    5.218493    -1.581222    14.0045252658519
0712104253994    93    3.90625    4.743893    -1.64447    13.9882661990767
0712104254094    93    3.90625    1.74327    -1.707719    13.3632668363357
0712104254194    93    3.125    -0.574856    -1.454724    13.5090042167399
0712104254294    93    3.125    1.654646    -1.517973    13.5744844194576
0712104254394    93    3.125    3.989816    -1.201728    13.1567151441728
0712104254494    93    3.125    3.862175    -1.454724    12.9494567424417
0712104254784    93    2.34375    -3.151148    -1.391475    11.5456780977541
