0712102325594    91    2.34375    2.330394    -0.06324887    14.0252220750647
0712102325794    91    2.34375    3.475437    -0.1264977    13.6202809455404
0712102325894    91    2.34375    -0.5229303    -0.06324887    14.5258539730303
0712102325995    91    2.34375    6.940072    -0.06324887    13.8765890282476
0712102326195    91    2.34375    1.759528    -0.06324887    14.4983692131075
0712102326285    91    2.34375    2.095472    -0.1264977    14.2282084906187
0712102326485    91    2.34375    4.954487    -0.1264977    13.6822334467508
0712102326585    91    2.34375    3.635556    8.076752    13.7727377036208
0712102326685    91    2.34375    1.706652    8.076752    13.1199139215951
0712102331715    92    2.34375    1.561957    -0.1264977    13.1909778384474
0712102340505    94    2.34375    3.589837    0.06324887    13.4795583962685
0712102355006    97    2.34375    3.460565    0.1264977    13.5283850044361
0712102355106    97    2.34375    4.655293    0.1264977    13.6156737997101
0712102355206    97    2.34375    3.4041    0.2529955    14.0567967902362
0712102355306    97    2.34375    2.135478    0.1897466    13.7504170443165
0712102355406    97    2.34375    5.200586    0.1264977    13.6739715677555
0712102355496    97    2.34375    0.5308762    0.06324887    13.7971019255165
0712102355597    97    2.34375    6.648101    0    13.5224408891866
0712102355696    97    2.34375    3.056493    -0.06324887    13.8979062028227
0712102355896    97    2.34375    -2.127753    -0.06324887    13.7299840188028
0712102355997    97    2.34375    2.595705    7.950254    13.6356919016037
0712102356097    97    2.34375    3.777292    7.950254    14.1889015171995
0712102356197    97    2.34375    2.392919    7.887005    14.1346177797333
0712102356387    97    2.34375    2.695951    7.697258    14.3062032186785
0712102358657    97    2.34375    2.518342    8.076752    13.3570405820484
0712102358957    97    2.34375    10.82124    -0.1897464    13.1357457125304
0712102359647    97    2.34375    8.977822    0.1897464    12.8446710484564
0712102359747    97    2.34375    6.372493    0.2529955    12.6217748014489
0712102359947    97    2.34375    2.583962    0.2529955    11.8240674789669
0712102400047    97    2.34375    5.066961    0.1897466    12.0312780242364
0712102400537    97    2.34375    6.678741    0.1897466    11.3656231064703
0712102400637    97    2.34375    6.614508    0.1264977    11.2667545893416
0712102402017    97    2.34375    -6.736944    0.2529955    13.9223403500008
0712102402117    97    2.34375    -1.798105    0.1897466    14.2030389127384
0712102402217    97    2.34375    -5.381848    0.1264977    13.738866359536
0712102402307    97    2.34375    -5.437566    0.06324887    13.4678410268798
0712102402507    97    2.734375    -2.150116    0.221371    12.7649670467461
0712102402607    97    2.34375    -2.465178    0.1897466    12.599408761485
0712102402707    97    3.125    -3.726486    0.3162443    12.9286697130089
0712102415238    100    2.34375    4.169457    0.06324887    12.6805718708426
0712102417118    100    1.5625    -2.355569    7.950254    13.0008504045956
0712102417218    100    1.5625    -0.7781085    -0.2529955    13.2983182183331
0712102417308    100    1.5625    0.3409041    -0.2529955    13.7707641154998
0712102418198    100    1.5625    5.643547    0.1897464    11.8230739022396
0712102418888    100    1.5625    0.07426773    -0.1897464    13.3507685486842
0712102418888    105    3.125    -3.848417    -0.06324887    13.108017373955
0712102418988    100    1.5625    -2.130958    -0.1897466    12.6951045563391
0712102419088    100    1.5625    2.212454    -0.1897466    13.6556498923668
0712102419188    100    1.5625    7.81539    -0.1264977    12.6969915486543
0712102419188    105    3.125    1.324363    -8.013503    13.0028323509053
0712102419288    100    1.5625    7.640941    -0.1264977    13.1985416731346
0712102419288    105    3.125    2.084063    -8.013503    12.3092415220172
0712102419388    100    1.5625    0.7247896    -0.1264977    13.6018416243569
0712102419488    100    1.5625    2.094764    -0.1264977    13.0746920459931
0712102419578    100    1.5625    -3.68544    -0.1264977    12.9383381062125
0712102419578    105    3.125    1.598071    -8.076752    12.6071312892181
0712102420868    108    8.59375    -8.593478    -0.3794932    14.0410070478932
0712102420968    108    8.59375    -7.464584    -0.3794932    14.2099606579443
0712102421158    108    8.59375    -4.11362    -0.3162443    14.6556998612982
0712102421258    108    8.59375    -6.062139    -0.2529955    14.4869813404245
0712102421358    108    8.59375    -7.38526    -0.2529955    14.4205101939248
0712102421558    108    8.59375    -11.85751    -0.3794932    14.1225769134231
0712102421658    108    8.59375    -15.5669    7.760507    14.292826360921
0712102421748    108    8.59375    -13.04468    7.760507    14.393183462443
0712102421848    108    7.8125    -5.15192    7.760507    14.0179316940078
0712102421948    108    7.8125    -13.94018    7.760507    14.4706174382466
0712102422048    108    7.8125    -3.37743    7.697258    14.1645579211908
0712102422148    108    7.8125    -15.17878    7.760507    13.9401886336589
0712102422248    108    7.8125    -14.39525    7.760507    14.6830501083294
0712102422348    108    7.8125    -8.998169    -0.3794932    14.7372009361086
0712102422448    111    35.15625    7.745449    -0.3794932    13.8195984176855
0712102422538    108    7.8125    -6.440928    -0.3794932    14.1685148561714
0712102422538    112    53.125    9.465033    -0.3794932    12.6420997145271
0712102422638    108    7.8125    -8.899543    -0.3794932    14.6443798543235
0712102422638    111    35.15625    8.960867    -0.3794932    13.7605896871065
0712102422638    112    53.125    9.210217    -0.3794932    12.4992709193256
0712102422738    108    7.8125    -9.582993    -0.3162443    14.8078163936756
0712102422738    111    35.15625    9.440749    -0.3162443    13.7068081629028
0712102422838    108    7.8125    -8.339904    -0.2529955    14.2500030403893
0712102422838    111    35.15625    9.332319    -0.3162443    13.5327540029306
0712102422938    108    7.8125    -6.873247    -0.2529955    14.3341682833872
0712102422938    111    35.15625    8.730947    -0.2529955    13.6182930687973
0712102423038    108    7.8125    -4.209164    -0.1897466    14.5524668586494
0712102423038    111    35.15625    9.727209    -0.1897466    13.5293659487435
0712102423138    108    7.8125    -4.151861    -0.1264977    14.0107405635153
0712102423138    111    35.15625    9.621507    -0.1897466    13.4277330057176
0712102423228    111    35.15625    9.069648    -0.1897466    13.4314330621449
0712102423228    112    53.125    9.595723    -0.1897466    11.8204429371646
0712102423328    108    7.8125    -11.55392    -0.1897466    13.7296232027887
0712102423328    111    35.15625    8.797923    -0.1897466    13.5565777998362
0712102423328    112    53.125    8.933056    -0.1897466    11.6892973235988
0712102423428    111    35.15625    8.762211    -0.1897466    13.4736081393297
0712102423528    107    7.03125    1.399474    -0.1897466    14.197045943409
0712102423528    111    35.15625    8.202609    -0.1897466    13.5802968977128
0712102423628    107    7.03125    4.02711    7.950254    13.5252823415759
0712102423628    111    35.15625    8.629092    -0.2529955    13.4612128469099
0712102423728    107    7.03125    6.80114    7.887005    14.0472141556661
0712102423728    111    35.15625    8.210835    -0.3162443    13.1736181852544
0712102423828    107    7.03125    8.071773    7.887005    14.2161232133058
0712102423828    111    35.15625    8.499637    -0.2529955    13.1073484600545
0712102423928    107    7.03125    14.50266    7.887005    14.2470796332665
0712102423928    111    35.15625    8.689091    -0.2529955    12.8979899359399
0712102424018    107    7.03125    11.26325    7.950254    14.3737630551742
0712102424118    111    35.15625    8.746301    -0.1897466    13.1768769998568
0712102424318    115    17.1875    -1.174621    -0.2529955    14.2053842258127
0712102424718    108    7.03125    -12.81104    -0.3162443    14.2206068385203
0712102424808    108    7.8125    -19.27558    -0.3794932    13.7993331153617
0712102424908    115    14.84375    -2.513768    -0.442742    13.7999097992011
0712102425008    108    7.03125    -17.2944    -0.442742    13.26174686782
0712102425108    112    52.34375    10.49804    -0.5692398    12.482657623801
0712102425208    108    7.8125    -11.93129    -0.5692398    13.6008977884841
0712102425308    108    8.59375    -8.083352    -0.6957375    12.9808204958956
0712102425698    108    7.03125    -15.74795    -0.6957375    13.0862116469209
0712102425798    108    7.03125    -12.4993    -0.6957375    12.7645265363818
0712102425898    108    7.03125    -12.15436    -0.6957375    13.2936601332312
0712102425999    108    7.03125    -14.13289    -0.6957375    13.2339618151631
0712102426199    108    7.03125    -15.51846    -0.6957375    12.9009217814744
0712102426289    108    6.25    -10.39824    -0.7589864    12.4680158707448
0712102426389    108    7.03125    -4.874199    -0.6957375    13.0361088609096
0712102426489    108    6.25    -12.82865    -0.6957375    13.1086394194058
0712102426589    108    6.25    -12.47758    -0.6324887    12.8983919547898
0712102426689    108    6.25    -12.25494    -0.5692398    13.2154603537248
0712102426789    108    6.25    -15.94346    -0.5059909    13.0079892212568
0712102426789    115    13.28125    -0.7715713    -0.5692398    13.3023286722255
0712102426989    108    6.25    -10.27219    -0.442742    13.0879019724262
0712102426989    115    13.28125    -0.9798332    -0.442742    13.3365873784354
0712102427079    115    13.28125    -2.139197    -0.3794932    12.9774862905625
0712102427179    108    6.25    -11.89359    -0.3794932    13.41325636772
0712102427279    108    6.25    -13.41671    -0.3162443    13.0055208582974
0712102427379    115    13.28125    -2.919325    -0.3162443    13.0744436887586
0712102427479    108    6.25    -12.54294    -0.3162443    13.2604025213043
0712102427479    115    13.28125    -4.280963    -0.2529955    12.8404147529571
0712102427579    108    6.25    -12.39184    -0.2529955    12.5872049109594
0712102427579    115    13.28125    -3.903827    -0.2529955    12.7159482634621
0712102427679    108    6.25    -16.78926    -0.2529955    12.7400947317
0712102427769    108    6.25    -12.66245    -0.3162443    13.4136180515724
0712102427869    125    28.90625    3.254341    -0.3794932    12.6098624457362
0712102427969    108    6.25    -12.85922    -0.3794932    13.4686733903941
0712102427969    115    13.28125    -5.797704    -0.3162443    12.4218591212167
0712102427969    125    28.90625    4.790671    -0.3794932    12.9301138679185
0712102428069    108    6.25    -14.94087    -0.2529955    12.7389234975927
0712102428069    115    13.28125    -4.454586    -0.3162443    13.104718042003
0712102428069    125    28.90625    5.378162    -0.3794932    12.9219137184326
0712102428169    108    6.25    -12.42457    -0.2529955    13.0322240890201
0712102428169    115    13.28125    -3.378462    -0.2529955    13.1649482565503
0712102428169    125    28.90625    4.885566    -0.3162443    13.1711664342376
0712102428269    108    6.25    -13.49708    -0.1897466    12.9378713332837
0712102428269    115    13.28125    -5.274272    -0.1897466    13.0770950641814
0712102428369    125    28.90625    -0.4913976    -0.1897466    13.1782524032775
0712102428469    115    13.28125    -6.347348    -0.1264977    13.0157553066215
0712102428469    125    28.90625    -1.004026    -0.1264977    12.9008926112395
0712102428559    115    13.28125    -5.511839    -0.06324887    12.7323040448202
0712102428559    125    28.90625    0.1318556    -0.06324887    12.8395830719393
0712102428559    127    49.21875    4.911022    -0.06324887    12.2440096508689
0712102428759    108    6.25    -18.66952    0.1264973    12.9120002907743
0712102428759    127    49.21875    5.193005    -8.076752    11.5539506913682
0712102428859    108    6.25    -17.81873    0.1897466    13.129482698485
0712102428859    125    28.90625    2.205279    -7.950254    12.3511525573916
0712102429059    108    6.25    -16.01424    -0.06324863    12.9546230128144
0712102429059    125    28.90625    2.037169    8.076752    12.4757552488869
0712102429159    108    7.03125    -19.15561    0.06324863    12.9438107569854
0712102429159    125    28.90625    1.775393    0.06324887    12.4075340178348
0712102429349    125    28.90625    2.027406    -0.06324863    12.3346300901887
0712102429549    125    28.90625    1.833684    0.06324863    12.2113873134346
0712102429649    125    28.90625    1.99673    -0.06324863    12.1483373488238
0712102430439    125    28.90625    3.150386    -0.06324887    13.0155189195175
0712102430829    127    50.78125    7.05573    -0.2529955    12.5428270337021
0712102448010    4    32.03125    3.156544    1.454724    9.89912099256343
0712102448100    4    32.03125    4.448768    3.415439    10.8101123001581
0712102448300    4    32.8125    3.798539    2.78295    11.3384994868016
0712102448700    4    33.59375    1.303445    2.21371    11.5484337408395
0712102448800    4    33.59375    5.393777    2.21371    11.0894452749538
0712102448890    4    34.375    4.137847    2.21371    11.7750434506888
0712102448990    4    34.375    2.169492    1.960715    11.2725934441669
0712102449190    4    34.375    5.434576    1.391475    11.133468032862
0712102449290    4    35.15625    4.882116    1.454724    10.9708636005484
0712102449680    4    35.15625    3.68756    1.075231    10.7161892250055
0712102449780    4    35.15625    7.106274    1.13848    10.9437142722005
0712102451950    5    35.15625    2.039364    -1.328226    11.2565107918071
0712102452050    5    34.375    6.989224    -1.391475    11.1562492974772
0712102452350    5    34.375    6.953527    -1.328226    11.5696447148611
0712102452350    6    66.40625    6.393281    1.264977    10.1098713032181
0712102452450    6    66.40625    5.144819    1.517973    9.55695821882028
0712102452540    5    34.375    1.643288    -1.581222    11.2701792233167
0712102452640    5    33.59375    6.334223    -1.391475    11.2701282188369
0712102452840    5    33.59375    5.604698    -1.328226    11.5622486739673
0712102452940    5    33.59375    5.131589    -1.328226    11.2796288417434
0712102453040    6    67.1875    5.755252    1.391475    9.76038430639899
0712102453240    5    32.8125    2.583712    -1.328226    11.6492173871669
0712102453330    5    32.8125    7.066493    -1.328226    11.6469672873455
0712102453430    5    32.8125    3.531458    -1.454724    11.5536650473647
0712102453630    5    32.03125    4.789881    -1.707719    10.7734987970709
0712102453930    5    32.03125    4.414958    -1.581222    11.3206678606643
0712102454030    5    32.03125    5.304442    -1.707719    11.0884104264216
0712102454120    5    32.03125    9.979931    -1.770968    11.2413197860975
0712102454220    5    31.25    6.502318    -1.454724    11.6335250268872
0712102454320    5    31.25    10.68515    -1.517973    11.3839774845288
0712102454620    5    30.46875    7.101053    -1.897466    11.5641701061555
0712102454720    5    30.46875    6.568136    -1.581222    11.2180848411231
0712102454810    5    30.46875    6.700162    -1.581222    11.8930284474116
0712102454910    5    30.46875    6.843993    -1.64447    11.6540695590601
0712102455110    5    29.6875    8.261814    -1.834217    11.2627681115178
0712102455310    5    29.6875    11.91775    -1.517973    11.6916822664448
0712102455601    5    28.90625    5.371309    -1.770968    11.3086468569171
0712102455701    5    28.90625    5.214301    -1.517973    11.469714623635
0712102455801    5    28.90625    5.542217    -1.454724    11.5061924308999
0712102455901    5    28.90625    0.8213012    -1.517973    11.7951858747186
0712102456001    5    28.125    6.846979    -1.64447    11.3601961991447
0712102456291    5    28.125    7.525547    -1.391475    12.0497694670231
0712102456391    5    27.34375    3.298331    -1.454724    11.3493741678531
0712102456491    5    27.34375    3.201369    -1.517973    11.0627582272897
0712102456981    5    27.34375    7.711151    -1.454724    11.9312210246448
0712102457081    5    27.34375    8.20249    -1.581222    11.9405185523014
0712102457281    5    26.5625    3.850333    -1.454724    11.5260002676889
0712102457381    5    26.5625    7.257512    -1.328226    11.6594487847762
0712102457771    5    25.78125    6.238142    -1.454724    11.6839036032843
0712102457871    5    25.78125    5.147998    -1.391475    11.8762099296699
0712102458171    5    25    6.54894    -1.707719    11.5507020813633
0712102458371    5    25    9.336297    -1.391475    11.8953188383181
0712102458471    5    25    0.8693278    -1.454724    11.7796798580688
0712102458571    5    25    0.1210938    -1.517973    11.5973202781206
0712102458961    5    24.21875    4.759416    -1.517973    12.5046727851007
0712102459061    5    24.21875    9.179452    -1.581222    12.1484110260228
0712102459651    5    23.4375    4.604178    -1.707719    11.714875404163
0712102500241    5    21.875    4.409892    -1.64447    11.7614190840055
0712102500441    5    21.875    5.370029    -1.454724    12.0272992667027
0712102501331    5    20.3125    4.817886    -1.517973    11.8634046935637
0712102501431    5    20.3125    11.06842    -1.454724    12.1366285502894
0712102501921    5    19.53125    8.178167    -1.391475    12.1712608806786
0712102502211    5    18.75    4.176598    -1.770968    12.2760062581705
0712102502321    5    18.75    1.209615    -1.517973    11.625218822414
0712102502411    5    18.75    8.472636    -1.075231    11.6247778437097
0712102502611    5    18.75    4.732907    -1.64447    11.3336754091543
0712102502711    5    18.75    12.63071    -1.707719    11.6069971939692
0712102502811    5    17.96875    3.858595    -1.581222    12.2298614167783
0712102503001    5    17.96875    7.545633    -1.517973    12.4001768257729
0712102503301    5    17.1875    1.121514    -1.64447    11.8397929913191
0712102503501    5    17.1875    7.680201    -1.454724    11.9744804458192
0712102503601    5    16.40625    3.349508    -1.581222    11.7129175383079
0712102503791    5    16.40625    10.82831    -1.581222    12.0787054770363
0712102503891    5    16.40625    6.97067    -1.517973    12.204234778284
0712102503991    5    16.40625    5.63308    -1.517973    12.376561551465
0712102504391    5    15.625    9.437061    -1.454724    12.3884963364832
0712102504491    5    15.625    2.878261    -1.517973    12.447646581314
0712102504581    5    14.84375    0.9988125    -1.581222    11.8179565589681
0712102504881    5    14.84375    9.791513    -1.454724    12.6661515978533
0712102505081    5    14.84375    11.87571    -1.517973    12.3141943255771
0712102505371    5    14.0625    5.052169    -1.581222    12.1396457676791
0712102505671    5    13.28125    5.95863    -1.707719    12.2993034570901
0712102505871    5    13.28125    9.27592    -1.517973    12.2306610855726
0712102505971    5    13.28125    5.456582    -1.581222    12.9802747915709
0712102506261    5    12.5    7.845171    -1.770968    12.4789281211306
0712102506361    5    12.5    2.513774    -1.581222    12.6074729649708
0712102506461    5    12.5    -3.412263    -1.581222    12.4450972744325
0712102506561    5    11.71875    4.365357    -1.707719    12.4433418478233
0712102506661    5    11.71875    4.948726    -1.770968    12.4971925789574
0712102507051    5    10.9375    5.250872    -1.64447    12.7896075788016
0712102507151    5    10.9375    3.576139    -1.707719    12.418964547341
0712102507251    5    10.9375    7.064493    -1.770968    12.4812023216841
0712102507351    5    10.9375    1.415623    -1.581222    12.6829078281168
0712102507451    5    10.9375    2.229868    -1.454724    12.2033616848475
0712102507741    5    10.15625    6.789623    -1.960715    12.7838047292589
0712102507841    5    10.15625    9.092257    -1.64447    12.6189250757162
0712102508041    5    9.375    3.732122    -1.707719    12.8780364595337
0712102508141    5    9.375    2.388724    -1.834217    12.4009894381953
0712102508331    5    9.375    6.195466    -1.64447    13.0506366528218
0712102508431    5    8.59375    5.212403    -1.64447    13.1267866553687
0712102508531    5    8.59375    3.752661    -1.707719    13.0928948087112
0712102508631    5    8.59375    7.063154    -1.770968    13.0770261934722
0712102508931    5    7.8125    5.062186    -1.581222    13.306252064617
0712102509031    5    7.8125    7.278316    -1.64447    13.3886699498822
0712102509121    5    7.8125    5.334582    -1.770968    12.484240505813
0712102509221    5    7.8125    -1.648481    -1.897466    13.0376773677335
0712102509321    5    7.03125    4.254498    -1.64447    13.1256112480986
0712102509421    5    7.03125    5.009286    -1.581222    13.7159129338566
0712102509521    5    7.03125    2.597504    -1.64447    13.5593974808418
0712102509621    5    7.03125    9.292688    -1.770968    13.0921601078998
0712102509711    5    6.25    1.319862    -1.707719    12.782632631249
0712102509912    5    6.25    3.330458    -1.581222    13.7867768601713
0712102510012    5    6.25    7.470533    -1.581222    13.2144954911779
0712102510112    5    6.25    -0.8146145    -1.770968    13.2618184956983
0712102510212    5    5.46875    2.06237    -1.707719    13.267508880526
0712102510312    5    5.46875    6.528692    -1.201728    13.0716944797929
0712102510412    5    5.46875    2.845998    -1.517973    13.8260307880555
0712102510512    5    5.46875    5.525885    -1.581222    13.5741829726306
0712102510602    5    5.46875    4.722935    -1.707719    13.3485859456472
0712102510802    5    4.6875    7.918536    -1.106855    13.0291228641139
0712102511002    5    4.6875    4.038821    -1.454724    13.9707606051546
0712102511102    5    4.6875    2.318675    -1.517973    13.0976895171156
0712102511202    5    3.90625    2.80365    -1.64447    13.4741094725812
0712102511292    5    3.90625    0.7780938    -1.391475    13.356866392322
0712102511392    5    3.90625    2.132617    -1.328226    13.9740727883024
0712102511492    5    3.90625    2.922775    -1.391475    13.5396924581323
0712102511592    5    3.90625    3.68901    -1.391475    11.6641007725483
0712102511792    5    3.125    -4.784039    -1.391475    12.9037014618036
0712102512582    10    3.90625    -0.8807924    -2.150461    11.8096533473396
0712102512682    10    2.34375    -5.24898    -1.13848    13.6139234251419
0712102512772    10    2.34375    1.513527    -1.075231    13.1139307588872
