0712101856767    5    2.34375    3.102427    -8.013503    13.3325069716494
0712101856767    6    14.84375    -9.944488    -8.013503    12.7580956225813
0712101857067    6    15.625    -11.03309    -0.06324887    12.7543778348298
0712101857157    5    2.34375    1.037941    -7.697258    13.6459109445637
0712101859527    5    2.34375    -10.8939    -0.1264977    13.2863641916863
0712101900817    10    2.34375    2.178117    0.06324887    13.5089772353912
0712101901007    10    2.34375    7.069587    0.06324887    13.9635685577766
0712101901407    10    2.34375    7.572762    8.013503    13.8841099085875
0712101901597    10    2.34375    1.828967    7.887005    14.0907202930874
0712101901697    10    2.34375    5.857413    7.760507    13.9841171817178
0712101902587    10    2.34375    2.13352    0.06324887    13.2261992763205
0712101902987    10    2.34375    4.287811    -0.06324863    14.2856879716586
0712101903377    10    2.34375    8.690994    -0.1897466    14.356460824893
0712101903577    10    2.34375    4.746753    -0.1264977    13.8719532490076
0712101903677    10    3.125    -0.5911045    0.505991    13.5002320825414
0712101903777    10    2.734375    2.540128    0.1739344    13.3892623361796
0712101903867    10    2.734375    6.285881    0.1264977    13.1420265750552
0712101903967    10    2.734375    2.308594    0.0948733    13.0831809511104
0712101904067    10    2.34375    3.055011    -0.1264973    13.4169020554764
0712101904167    10    3.125    3.526074    0.1897464    12.7340039145827
0712101904857    10    2.34375    2.632879    -0.2529955    13.2872892239377
0712101904957    10    2.34375    1.964694    -0.1897466    13.3051986797088
0712101905157    10    2.34375    2.347656    -0.1264977    12.9679337425902
0712101905347    10    2.34375    -1.361987    -0.06324887    13.4408955718291
0712101905447    10    2.34375    -5.519731    -0.1264977    13.3625506924971
0712101905547    10    2.34375    0.02469046    -0.1264977    13.3032783238124
0712101905647    10    2.34375    -0.6022142    -0.1264977    13.4956403113195
0712101905747    10    2.34375    -0.1057141    -0.1264977    13.189007247673
0712101905847    10    2.34375    -1.410066    -0.1897466    12.8937783793235
0712101905947    10    2.34375    0.2548957    -0.1264977    12.5831836485801
0712101911367    18    1.953125    0.6061997    0.221371    12.6300001447478
0712101911468    18    1.953125    1.552859    0.1264977    12.2656237895485
0712101911568    18    1.5625    -0.9688641    0.06324887    12.2541743501004
0712101911768    18    1.5625    -2.518564    0.1264977    12.1883403954737
0712101911868    18    1.5625    -0.5097627    0.1264977    11.8581108704284
0712101912068    18    1.5625    -6.992247    0.1264977    11.8660586832252
0712101912258    18    1.5625    -5.810518    0.3162443    13.3458497260541
0712101912558    18    1.5625    -2.426354    -7.950254    13.9044726321462
0712101912948    18    2.34375    4.491827    -7.950254    12.1861133438254
0712101913048    18    1.5625    0.7127944    -0.2529955    12.9201301708151
0712101913348    18    2.34375    3.921359    -0.1897466    11.6971353781463
0712101913448    18    2.34375    4.149207    -0.2529955    12.3790805627197
0712101913548    18    2.34375    3.723173    -0.2529955    12.9410985097094
0712101913638    18    2.34375    5.179268    -0.2529955    12.6676247837102
0712101913738    18    2.34375    4.685147    -0.3162443    13.1503226719694
0712101913838    18    2.34375    3.858555    -0.2529955    13.2253098525407
0712101913938    18    2.34375    2.907449    -0.2529955    13.4033266761152
0712101914038    18    2.34375    4.918604    -0.1897466    13.3648898318714
0712101914138    18    2.34375    4.741033    -0.1897466    13.3127783362154
0712101915518    18    1.5625    -0.6255609    -0.2529955    14.1740233458364
0712101915618    18    1.5625    0.05327828    -0.1897466    14.2122558842132
0712101915718    18    1.5625    -0.609422    -0.1264977    14.3256268245391
0712101930909    21    2.34375    -3.451486    0.5059909    13.2848570178211
0712101931109    21    2.34375    4.207319    0.6324887    12.5452818375225
0712101931209    21    2.34375    1.067752    0.7589864    12.1795801575711
0712101931309    21    2.34375    0.6568943    0.7589864    13.0877094447123
0712101931409    21    2.34375    0.5679625    0.6324887    13.4329337451538
0712101931509    21    2.34375    1.216314    0.5059909    13.5476170494235
0712101931599    21    3.125    1.919691    0.5059909    13.6370616314321
0712101931899    21    3.125    3.891289    0.6324887    13.9482249852645
0712101931999    21    3.125    3.867057    0.5059909    14.0752036278552
0712101932099    21    3.125    -1.026335    0.442742    13.1683557872266
0712101932199    21    3.125    2.815492    0.1897466    13.954644903961
0712101932299    21    3.125    6.516814    0.2529955    13.496756133619
0712101932389    21    3.125    3.518341    0.1264977    14.7277376665794
0712101932589    21    3.125    3.451772    -0.1897464    14.2571338230227
0712101932689    21    3.125    1.433218    -0.3162443    14.1888775474409
0712101932789    21    3.125    3.888715    -0.442742    13.7245404717946
0712101933079    21    2.34375    8.271736    -0.8222352    13.3220678955792
0712101933179    21    2.34375    11.91969    -0.8222352    13.000747977578
0712101933279    21    2.34375    8.317002    -0.6957375    13.2599578119468
0712101933479    21    2.34375    12.97406    -0.6957375    13.4340144802224
0712101933679    21    2.34375    7.961114    -0.8222352    13.2730399816671
0712101933779    21    2.34375    6.272517    -0.8854841    13.6681516672419
0712101934269    21    1.5625    5.522603    -0.6957375    13.3118726840682
0712101934469    21    1.5625    7.335551    -0.6324887    12.6648707588876
0712101934559    21    1.5625    3.593523    -0.5692398    13.441927727495
0712101937919    25    2.34375    -0.6454486    0.442742    13.8902023010843
0712101938019    25    2.34375    -3.610163    0.3794932    13.5428026820698
0712101938219    25    2.34375    2.837881    -0.06324863    14.0948777891071
0712101938319    25    2.34375    2.366903    -0.06324887    14.0850957421191
0712101938409    25    2.34375    2.474145    -0.1264977    13.890786188108
0712101938509    25    2.34375    2.922298    0.1264973    13.0895315341321
0712101938609    25    2.34375    6.42977    0.2529955    12.914431515896
0712101938709    25    2.34375    7.343726    0.3794932    11.8505442964779
0712101938809    25    2.34375    0.6013814    0.5059909    12.3872110716301
0712101938909    25    2.34375    -2.29462    0.5692398    11.865964937789
0712101939009    25    2.34375    -1.119284    0.5692398    10.3189991288453
0712101941369    25    2.34375    1.30536    0.7589864    13.026038182909
0712101941470    25    2.34375    3.661288    0.8222352    12.7004016112624
0712101941570    25    2.34375    4.796481    1.011982    12.4370754741496
0712101941870    25    3.125    5.572769    0.9487329    11.5574287644422
0712101942070    25    3.125    7.280578    0.6324887    11.9867141054383
0712101942160    25    3.125    6.88225    0.5059909    11.8174687970198
0712101947990    29    14.84375    -0.1719664    6.875023    9.28031401606573
0712101949560    30    6.25    5.365298    1.201728    10.3943722120791
0712101949660    30    6.25    6.310329    1.454724    10.7219785826636
0712101949760    30    6.25    1.622384    1.201728    10.6982027872041
0712101949860    30    6.25    -0.8971459    1.201728    10.8588325765339
0712101949960    30    6.25    4.281292    1.201728    11.680352758411
0712101950160    30    7.03125    5.687787    1.328226    11.417525799656
0712101950260    30    7.03125    4.041714    1.264977    11.4999327879648
0712101950450    30    7.03125    1.56204    1.011982    11.6958005226454
0712101950550    30    7.03125    4.885155    0.9487329    11.562516507533
0712101951240    30    7.8125    12.56086    0.8222352    11.4943272206459
0712101951340    30    8.59375    17.73495    0.7589864    11.6984833951105
0712101951440    32    3.125    -1.507107    7.887005    13.6073982391667
0712101951540    32    3.125    1.517684    7.760507    14.2172356381947
0712101951640    32    3.125    1.015124    7.760507    13.4577315704599
0712101954300    30    8.59375    2.835244    0.7993147    12.6382612747814
0712101954400    30    8.59375    5.028893    0.6324887    12.4831967349394
0712101954500    30    8.59375    7.183063    0.5692398    12.5214157334349
0712101954890    32    2.34375    9.153487    7.570761    12.0105902117051
0712101954990    32    2.34375    9.352797    -0.6324887    12.1824844278376
0712101955090    30    9.375    10.23674    0.8222352    12.5380545455753
0712101955090    32    2.34375    8.554206    -0.5692398    12.4135160581579
0712101955190    30    9.375    12.09626    0.5692398    13.0090849827781
0712101955190    32    2.34375    10.2711    -0.5059909    12.3657183401881
0712101955290    30    9.375    4.812191    0.5059909    13.2138576658771
0712101955490    30    9.375    10.20312    0.6957375    12.2331647690018
0712101955580    30    9.375    8.078232    0.6324887    13.089269601861
0712101956180    30    10.15625    18.48546    0.6957375    12.6217183347156
0712101956280    30    10.15625    9.949945    0.7589864    12.6623723822145
0712101956370    30    10.15625    6.673815    0.9487329    12.6961208611938
0712101957161    30    10.9375    7.589404    1.011982    12.7418287072537
0712101957361    30    10.9375    9.12125    0.948733    12.4233782240929
0712101957661    30    11.71875    17.31976    0.9487329    12.1738270290478
0712101957761    30    11.71875    18.53094    0.9487329    12.693117648561
0712101958051    35    12.5    -23.27653    0.9487329    12.3284261266868
0712101958151    30    11.71875    12.27212    1.075231    12.7823776255763
0712101958251    30    11.71875    11.94914    1.075231    12.8338208030811
0712101958351    30    11.71875    11.3414    0.9487329    12.3260418001065
0712101958841    30    12.5    8.028045    0.9487329    12.3319340829315
0712101958841    35    13.28125    -20.61996    0.8854841    11.6820670199286
0712101958941    30    12.5    2.211256    0.9487329    12.556415007762
0712101959041    30    12.5    11.29375    0.8222352    12.987177894007
0712101959141    30    12.5    6.832829    0.7589864    12.2374137156747
0712101959341    30    12.5    3.304021    0.8854841    12.1801502653817
0712101959731    30    13.28125    9.569422    1.011982    11.9373132632248
0712101959831    30    13.28125    15.581    0.8854841    12.4461796337672
0712102000021    30    13.28125    10.80263    0.6957375    12.6333565531828
0712102000121    30    13.28125    7.66634    0.6957375    12.5505410302334
0712102000521    30    14.0625    9.998778    0.7589864    12.4512600095644
0712102000621    30    14.0625    11.77748    0.5692398    12.4788427297061
0712102000811    30    14.0625    9.263728    0.5692398    12.7431322742937
0712102000911    30    14.0625    9.872052    0.5692398    12.3459497983991
0712102001011    30    14.0625    7.87966    0.5692398    12.238794139573
0712102001111    30    14.0625    9.197511    0.3794932    12.3137718187694
0712102001411    30    14.0625    8.720625    0.1264977    12.5238686915476
0712102002101    30    14.0625    8.005541    -0.1897464    12.8328239700651
0712102002201    30    14.0625    10.31705    -0.3162443    12.5155525602724
0712102002291    30    14.0625    9.999248    -0.3794932    12.7392295963484
0712102002491    30    14.0625    6.994776    -0.6957375    12.0638809040532
0712102002591    30    14.0625    9.418674    -0.7589864    12.5450591497186
0712102002691    30    14.0625    11.18579    -1.011982    11.7396433757782
0712102003181    30    13.28125    -1.080517    -0.9487329    12.1117188603093
0712102003281    30    13.28125    6.629106    -0.9487329    12.3957159162504
0712102003381    30    13.28125    4.822739    -0.8222352    12.3120990628028
0712102003481    30    13.28125    9.539886    -0.7589864    11.9880788842795
0712102003581    30    13.28125    3.342385    -0.8222352    12.0390053435547
0712102003681    30    12.5    2.873487    -1.011982    12.1107637352986
0712102003881    30    12.5    7.593994    -1.011982    12.7072752365443
0712102003971    30    12.5    4.430825    -0.9487329    12.8601503530956
0712102004071    30    12.5    12.02391    -0.8854841    12.3613630223408
0712102004171    30    12.5    10.59546    -1.075231    12.5138321820286
0712102004271    30    12.5    14.59434    -1.13848    12.7319066769612
0712102004661    30    11.71875    6.597012    -1.075231    12.0005183386321
0712102004761    30    11.71875    -0.3071006    -1.201728    12.6650486006817
0712102005161    30    10.9375    5.515686    -1.075231    12.826955861594
0712102005261    30    11.71875    6.365165    -1.13848    12.6874368947767
0712102005361    30    10.9375    8.383037    -1.328226    12.4306753529157
0712102005451    30    10.9375    7.053293    -1.264977    12.9370031176209
0712102005551    30    10.9375    9.065986    -1.13848    13.312297733494
0712102005951    30    10.15625    3.856411    -1.328226    12.3652398900275
0712102006051    30    10.15625    3.337498    -1.201728    12.8593088632723
0712102006441    38    10.15625    20.04086    -1.201728    12.659501429366
0712102006641    38    9.375    13.67781    -1.13848    12.9073443376258
0712102006741    38    9.375    14.9878    -2.593204    10.7636298810003
0712102006831    38    9.375    13.57431    -1.201728    12.7578737820858
0712102006931    38    9.375    9.857136    -1.391475    13.0083069065878
0712102007131    38    8.59375    5.520701    -1.264977    13.041322223476
0712102007231    38    8.59375    3.593356    -1.264977    12.7659920584956
0712102007331    38    8.59375    11.34749    -1.264977    13.0167163112028
0712102007431    38    8.59375    16.13902    -1.391475    12.9378108482924
0712102007621    38    8.59375    14.04329    -1.201728    12.7548719652626
0712102007721    38    8.59375    15.80528    -1.201728    13.0332071729692
0712102008021    39    8.59375    21.47401    -1.264977    12.1330407647511
0712102008121    39    8.59375    21.73688    -1.201728    12.5034872366985
0712102008221    39    8.59375    20.34467    -1.13848    12.45468332733
0712102008311    39    8.59375    17.22085    -1.13848    12.1947695694141
0712102008411    30    7.03125    1.492159    -1.391475    13.2665914268483
0712102008511    39    7.03125    11.38929    -1.454724    13.2959671463853
0712102008611    39    7.03125    10.54685    -1.264977    12.9190057138291
0712102008711    39    7.03125    5.530358    -1.264977    12.8692671287829
0712102009011    39    6.25    4.021384    -1.391475    12.9725705057124
0712102009101    39    6.25    3.333803    -1.391475    12.7155709699421
0712102009201    39    6.25    4.474618    -1.201728    13.0673503271352
0712102009301    39    6.25    5.757706    -1.201728    13.6557884903017
0712102009501    39    6.25    6.658882    -1.391475    13.4017495252175
0712102009601    39    5.46875    4.933877    -1.264977    13.391332074779
0712102009701    39    5.46875    1.118722    -1.13848    13.0248894824079
0712102009801    39    5.46875    6.27247    -1.075231    13.5702019739391
0712102009891    39    5.46875    7.758092    -1.13848    12.870083081519
0712102009991    39    5.46875    4.575672    -1.201728    13.2109141529586
0712102010391    39    4.6875    4.125842    -1.011982    13.739862969739
0712102010491    39    4.6875    6.058383    -1.13848    13.3248020888503
0712102010591    39    4.6875    2.584913    -1.13848    14.1194882814
0712102010681    39    4.6875    6.949562    -1.075231    13.4751122255334
0712102010881    39    4.6875    6.190567    -0.8854841    13.7064652327202
0712102010981    39    3.90625    8.213471    -0.8854841    14.0279788008022
0712102011081    39    3.90625    6.189826    -0.9487329    13.3602612064127
0712102011181    39    3.90625    4.924172    -0.9487329    13.5825563783716
0712102011281    39    3.90625    4.272867    -0.8222352    13.9885803578651
0712102011371    39    3.90625    1.466852    -0.6324887    13.1372551865897
0712102011471    39    3.90625    3.472002    -0.7906108    13.784228736415
0712102011571    39    3.90625    2.265651    -0.8222352    13.4189512167918
0712102011672    39    3.90625    2.254142    -0.8222352    14.0004790683925
0712102011772    39    3.90625    1.476493    -0.8222352    13.7411474537363
0712102011972    39    3.125    0.5626066    -0.5059909    13.3563568257119
0712102012072    39    3.125    0.6226607    -0.3794932    13.2257908168149
0712102012162    39    3.125    -4.322362    -0.1264977    12.8766376310224
0712102030223    41    3.125    4.513859    -0.3162443    13.9199564372546
0712102030323    41    3.125    5.109171    -0.3162443    13.8014399858644
0712102030523    41    3.125    2.789591    -0.1897466    13.682548773421
0712102030623    41    3.125    5.674303    -0.1897466    13.490308523526
0712102030913    41    3.125    4.111433    -0.06324887    12.5915594844889
0712102031013    41    3.125    6.958836    -0.1897466    12.3459175743771
0712102035353    42    3.90625    -0.5852988    8.076752    12.4742223522097
0712102035453    42    3.90625    -0.4201843    8.076752    12.6401878365207
0712102035653    42    3.90625    0.5283799    8.076752    12.4635309730565
0712102042164    43    3.125    2.079036    -7.128018    13.1077608368859
0712102042264    43    3.125    -0.614711    -7.06477    13.0039669658047
0712102042754    43    3.90625    3.036264    -7.570761    13.8696943215568
0712102042854    43    3.90625    5.57181    -7.507512    13.8241151138913
0712102043054    43    3.90625    2.027926    -7.634009    13.3151740250449
0712102043254    43    3.90625    6.717732    0.3162441    13.5374736471685
0712102043354    43    3.90625    5.295696    0.1897466    13.440473532721
0712102043454    43    3.90625    4.540142    0.1264977    13.6916698791558
0712102043544    43    3.90625    5.951165    0.1897466    12.8847313859754
0712102043644    43    3.90625    7.645598    0.1264977    13.6897358541411
0712102043744    43    3.90625    8.41171    0.1264977    13.8300896808772
0712102043844    43    3.90625    5.614643    0.06324887    13.3226225088114
0712102043944    43    3.90625    7.80666    0.06324887    13.7907427008436
0712102044534    43    3.90625    6.128878    0.06324887    14.2578663615412
0712102044634    43    3.90625    6.239371    0.06324887    14.311265246159
0712102044734    43    3.90625    6.270159    0.06324887    14.0297673140512
0712102044934    43    3.90625    2.337325    0.06324887    13.7183148573127
0712102045024    43    3.90625    3.679193    0.06324887    13.7098210101818
0712102045124    43    3.90625    2.826512    0.06324887    13.4171200101385
0712102045224    43    3.90625    6.680057    0.1264977    13.8678624513695
0712102045324    43    3.90625    7.446815    0.1264977    13.982415545793
0712102045424    43    3.90625    5.843456    0.06324887    13.5050518951696
0712102045524    43    3.90625    7.180219    0.1264977    13.809341306485
0712102045624    43    3.90625    6.129639    -0.3162441    13.1774640781867
0712102045824    43    3.90625    2.608544    0.1581221    12.5627979059018
0712102045924    43    3.90625    -0.04301739    0.5692398    13.36506422431
0712102046014    43    3.90625    0.570069    0.6324887    13.2496171041982
0712102046114    43    3.90625    3.532847    0.5692398    12.8185108499551
0712102046214    43    3.90625    2.028947    0.6324887    12.9174093749352
0712102046314    43    4.6875    2.140764    0.6324887    12.828784515117
0712102046514    43    4.6875    2.494032    0.5059909    13.0601260937878
0712102046604    43    4.6875    5.61824    0.1264977    13.0215558907536
0712102046704    43    4.6875    4.100008    -0.1264973    13.2801580128607
0712102046904    43    4.6875    7.357896    0.1897464    13.3409519548986
0712102047004    43    4.6875    7.74519    0.1897466    13.3659624266179
0712102047104    43    4.6875    7.181405    0.1897466    13.3748771408011
0712102047204    43    4.6875    5.805879    0.2529955    13.0146669877609
0712102047294    43    4.6875    7.160961    0.3794932    13.1667555119785
0712102047394    43    4.6875    5.794639    0.3162443    12.8484826303352
0712102047494    43    4.6875    12.07514    0.2529955    13.437833952748
0712102047594    43    4.6875    4.479483    0.2529955    12.7305050444615
0712102047694    43    4.6875    8.808243    0.1897466    13.0549975101349
0712102047994    43    4.6875    7.355801    0.1264977    13.0067489326399
0712102048094    43    4.6875    3.752301    0.2529955    12.4875384381002
0712102048184    43    4.6875    5.501669    0.1264977    12.7719126765032
0712102048284    43    4.6875    5.035553    0.1264977    12.8658344890668
0712102048384    43    4.6875    6.433637    0.1897466    12.8786625450011
0712102048484    43    4.6875    7.126554    0.1264977    12.9180256085107
0712102048584    43    4.6875    6.695349    0.06324887    13.2709971498069
0712102048784    43    4.6875    0.1454627    0.06324887    12.5746097788502
0712102048874    43    4.6875    8.565406    0.06324887    12.8179600201933
0712102050954    45    4.6875    8.510476    0.06324887    12.3655197782965
0712102051054    45    4.6875    10.23691    0.1264977    12.5877399145544
0712102051144    45    4.6875    5.178044    0.1581222    12.8438148313568
0712102051244    45    4.6875    8.447191    0.2529955    12.828654878955
0712102051344    45    4.6875    2.479057    0.3794932    13.2291975464645
0712102051444    45    4.6875    7.643268    0.3162443    12.8506611944639
0712102051644    45    4.6875    9.946005    0.6957375    12.7298395091248
0712102051744    45    5.46875    7.864765    -7.254516    12.7479696391306
0712102051834    45    5.46875    5.813862    -7.28614    12.6347055425026
0712102052034    45    5.46875    6.588274    -7.28614    12.6603081660096
0712102052434    45    6.25    1.467129    -7.06477    12.1456572036594
0712102052524    45    6.25    6.864791    1.328226    12.4586009032285
0712102052824    45    6.25    5.240527    1.391475    12.3620189698678
0712102053124    45    7.03125    11.58537    1.4231    12.8900934690888
0712102053224    45    7.03125    10.82337    1.517973    12.1375093308457
0712102053414    45    7.03125    4.491575    1.454724    12.7420347221034
0712102053814    45    7.8125    7.41463    1.264977    12.9915275069017
0712102054304    46    8.59375    10.08346    1.201728    13.0428971696061
0712102054404    46    8.59375    18.68904    1.201728    12.6010201567469
0712102054504    46    9.375    18.66444    0.6324887    12.0411419436055
0712102054604    46    8.59375    9.836375    0.5059909    12.7642357113416
0712102054704    46    8.59375    7.352405    0.3794932    12.7748898212168
0712102054894    46    8.59375    4.433904    0.06324887    12.8547829646283
0712102054994    46    8.59375    2.250218    0.06324887    12.7319381851182
0712102055194    46    8.59375    2.42434    8.013503    12.6985126931884
0712102055294    46    8.59375    5.677464    7.887005    13.031067975767
0712102055394    46    8.59375    3.961119    7.697258    13.2190395235616
0712102055584    46    8.59375    6.601197    7.412639    12.8963949292405
0712102055884    46    8.59375    5.46442    7.823756    12.38257834378
0712102056084    46    8.59375    -2.023814    7.444263    12.7289407333609
0712102056184    46    8.59375    -2.831761    -0.6324887    12.5173052695732
0712102056184    47    8.59375    20.93908    -0.8222352    12.5791971337733
0712102056274    47    8.59375    12.71985    -0.6957375    12.7534798475294
0712102056374    47    8.59375    15.66222    -0.5059909    12.4515461785228
0712102056474    47    7.8125    8.262166    -0.6324886    12.9598656091493
0712102056575    47    7.8125    10.04764    -0.6957375    12.6545667211427
0712102056675    47    7.8125    10.50132    -0.8222352    12.4673225299942
0712102056775    47    7.8125    8.810907    -1.075231    12.6480634747889
0712102056975    46    7.8125    5.107348    -0.6957375    13.2833458366448
0712102056975    47    7.8125    9.77526    -7.381014    11.1351627691034
0712102057075    47    7.8125    9.295267    -0.6957375    13.5090123186243
0712102057165    47    7.8125    11.45693    -0.6957375    13.0110214678884
0712102057265    47    7.8125    12.85433    -0.6324887    12.5774312248033
0712102057365    47    7.03125    5.300168    -0.6324887    12.5708660444944
0712102057465    47    7.03125    7.946182    -0.6324887    12.7226124483376
0712102057665    47    7.03125    3.564411    -0.5692398    12.5773736434632
0712102057855    47    7.03125    4.084987    -0.5692398    13.1700886809664
0712102057955    47    7.03125    5.521367    -0.6324887    13.1153237684921
0712102058155    47    7.03125    4.425752    -0.8222352    12.6105261544381
0712102058255    47    7.03125    3.87836    -0.7589864    12.4713996536959
0712102058455    47    6.25    6.688135    -0.5692398    12.5276654573755
0712102058545    47    6.25    4.698278    -0.6324887    12.8638627075435
0712102058645    47    6.25    3.221091    -0.6324887    12.4378448598532
0712102058745    47    6.25    1.466706    -0.5692398    12.5596573818
0712102058845    47    6.25    9.869062    -0.6957375    12.5219126901337
0712102058945    47    6.25    6.84631    -0.5059909    12.7011242761839
0712102059045    47    6.25    5.222033    -0.5376154    12.5111651663677
0712102059145    47    6.25    5.333096    -0.442742    12.6877401391068
0712102059245    47    6.25    3.193512    -0.5692398    12.4977600259832
0712102059345    47    6.25    7.313527    -0.5692398    12.6128766485292
0712102059435    47    6.25    4.914413    -0.6324887    11.9102832464795
0712102059635    47    6.25    5.116838    -0.5692398    12.2822899880155
0712102059735    47    6.25    4.374816    -0.442742    12.9651596710062
0712102100225    47    5.46875    4.306301    -0.1264977    12.3649858736065
0712102100325    47    5.46875    3.178355    -0.1264977    12.0313255195463
0712102100425    47    5.46875    2.463743    -0.06324887    12.1951326008526
0712102104075    49    5.46875    8.705697    -0.5059909    12.9476427150737
0712102104175    49    5.46875    10.66604    -0.5692398    12.4733628501799
0712102104275    49    5.078125    6.166681    -0.6324886    12.1653042008546
0712102104375    49    5.46875    8.754046    -0.6324887    12.6318278089746
0712102104765    49    4.6875    5.863097    -0.6957375    12.5653552843156
0712102104865    49    4.6875    4.338383    -0.6324887    13.2310860244308
0712102104965    49    4.6875    4.950415    -0.5692398    13.1656092803827
0712102105065    49    4.6875    3.53177    -0.5692398    13.1678525191789
0712102105165    49    4.6875    5.902488    -0.5692398    12.4194875932688
0712102105265    49    4.6875    5.634113    -0.442742    12.4082961503432
0712102105355    49    4.6875    5.595214    -0.5376154    12.7956242671048
0712102105455    49    4.6875    4.125871    -0.6957375    12.2642292404715
0712102105555    49    4.6875    3.146635    -0.6324887    12.7924743000004
0712102105655    49    4.6875    2.450015    -0.6324887    12.3012928655896
0712102105755    49    4.6875    3.3722    -0.6957375    11.9654955247674
0712102108615    49    2.34375    0.7730964    -1.459261    13.9676032762829
0712102112166    54    2.34375    3.896942    1.011982    14.2248855620367
0712102112266    54    2.34375    -4.853246    1.075231    14.5546402464089
0712102112366    54    2.34375    0.1836611    1.075231    13.9242662654089
0712102112466    54    2.34375    5.375092    1.075231    14.3773271634749
0712102112566    54    2.34375    9.594249    1.13848    14.2385237248721
0712102112766    54    3.125    6.400867    1.391475    14.258289627105
0712102112856    54    3.125    7.423404    1.264977    14.5823119169177
0712102112956    54    3.125    5.572857    1.264977    14.7833854622217
0712102113056    54    3.125    7.225903    1.328226    13.5189800238023
0712102113056    55    4.6875    6.556219    2.78295    11.0084905770541
0712102113156    55    6.25    7.838813    2.909448    10.99268113066
0712102113356    55    3.90625    7.264383    1.391475    14.3428804443288
0712102113456    55    3.90625    3.660037    1.328226    14.2288624503426
0712102113546    55    3.90625    7.3222    1.391475    13.8006960167055
0712102113646    55    3.90625    5.961128    1.454724    13.6612242937909
0712102113846    55    4.6875    2.458999    1.454724    13.0644188358637
0712102113946    55    4.6875    6.76444    1.328226    14.046145636094
0712102114046    55    4.6875    6.655628    -6.811774    13.4996214531161
0712102114246    55    4.6875    6.84586    -6.432281    13.1468805084493
0712102114536    55    5.46875    2.846034    -6.685277    13.7304344875548
0712102114636    55    5.46875    6.589146    -6.622027    13.8941043974058
0712102114736    55    5.46875    7.499332    1.707719    13.4391786011923
0712102114836    55    5.46875    6.581722    1.581222    13.0241271783889
0712102114936    55    6.25    5.39845    1.454724    13.3551663689669
0712102115036    55    6.25    5.480623    1.454724    13.3228167718379
0712102115126    55    6.25    6.138028    1.581222    13.5665203226741
0712102115226    55    6.25    4.810596    1.707719    13.2758340182449
0712102115426    55    7.03125    8.868477    1.454724    13.2050840697466
0712102115526    55    7.03125    4.422852    1.517973    13.3935653063187
0712102115626    54    2.34375    4.960366    7.697258    11.9934689072081
0712102115626    55    7.03125    5.120914    1.454724    12.6298669263634
0712102115726    54    2.34375    6.316178    -0.4427419    12.507972049662
0712102115726    55    7.03125    2.585933    1.64447    12.7539104065876
0712102115916    55    7.8125    4.666675    1.517973    13.1101134669708
0712102116016    55    7.8125    4.522508    1.581222    13.4267765152786
0712102116116    55    7.8125    5.14654    1.64447    13.0991378356628
0712102116216    55    7.8125    7.690539    1.834217    12.8861285241099
0712102116606    55    8.59375    4.381584    1.770968    12.7764575403285
0712102116906    55    9.375    5.725207    1.581222    13.4088190285573
0712102117006    55    9.375    6.470905    1.707719    12.8192769609877
0712102117106    55    9.375    7.047948    1.834217    12.9709412825516
0712102117206    55    9.375    3.031438    1.581222    12.931075826
0712102117306    54    3.90625    0.1365263    0.1897464    11.7418516554515
0712102117396    55    10.15625    7.013248    1.581222    12.7043228603791
0712102117496    55    10.15625    11.78228    1.581222    12.6918554305212
0712102117596    55    10.15625    7.937752    1.770968    12.75011218253
0712102117696    55    10.15625    7.784156    1.581222    12.764240305495
0712102117796    55    10.15625    5.281837    1.581222    12.568616310521
0712102117996    55    10.9375    5.072576    1.707719    12.7902554512654
0712102118186    55    10.9375    11.42706    1.581222    12.622951912195
0712102118486    55    11.71875    9.208834    1.64447    12.7254167508241
0712102118586    55    11.71875    2.6152    1.64447    12.4632120375398
0712102118586    59    3.90625    6.007005    0.3162443    12.9668934336839
0712102118686    55    11.71875    7.08923    1.517973    12.7379402105528
0712102118686    59    3.90625    4.732408    0.3162443    13.4713182598615
0712102118786    59    3.90625    7.403204    0.3794932    12.0195071282027
0712102118876    55    12.5    9.092157    1.64447    12.2073053495412
0712102118876    59    3.90625    5.476691    0.3794932    12.927949681117
0712102118976    55    12.5    9.738806    1.770968    12.3705725952336
0712102118976    59    3.90625    5.102292    0.442742    13.1224317558632
0712102119076    55    12.5    7.895197    1.707719    12.630218013183
0712102119076    59    3.90625    3.762686    0.5059909    12.7104728538508
0712102119176    55    12.5    8.453157    1.581222    12.7887202557081
0712102119176    59    4.6875    5.588638    0.5692398    12.683262595009
0712102119276    59    4.6875    6.055035    0.5692398    13.0513694505138
0712102119376    59    4.6875    4.125114    0.442742    13.0871362018024
0712102119476    55    13.28125    11.42495    1.834217    12.0198015197431
0712102119476    59    4.6875    3.985152    0.3794932    13.271944910317
0712102119566    59    4.6875    4.761648    0.3794932    12.8919974055492
0712102119666    59    4.6875    4.197129    0.3794932    12.9162393443441
0712102119766    55    14.0625    10.93405    1.64447    12.0624581069555
0712102119766    59    4.6875    5.264958    0.3794932    13.253656373822
0712102119866    59    4.6875    3.967558    0.4743665    12.6863434706595
0712102119966    55    14.0625    7.558749    1.834217    12.529727515686
0712102119966    59    4.6875    5.466154    0.6324887    12.9927609711323
0712102120066    59    4.6875    5.280986    0.6324887    13.2810900721638
0712102120166    55    14.84375    13.82334    1.517973    11.7953595200921
0712102120166    59    4.6875    5.268151    0.6324887    12.8746436842171
0712102120266    55    14.84375    7.486337    1.581222    12.1464803600532
0712102120266    59    4.6875    4.651783    0.5692398    13.5475413043349
0712102120356    55    14.84375    12.32555    1.581222    12.0709371255521
0712102120356    59    4.6875    3.975113    0.5059909    13.0094472352842
0712102120456    59    4.6875    6.847175    0.3162443    12.8878204594095
0712102120556    55    14.84375    6.558111    1.64447    11.9599549559859
0712102120556    59    4.6875    3.660763    0.3162443    13.1871179880879
0712102120656    55    15.625    10.56824    1.64447    11.7368263975534
0712102120656    59    5.078125    6.364999    0.2846199    12.554449478777
0712102120756    55    15.625    10.76528    1.64447    12.2400693531658
0712102120756    59    4.6875    4.719585    0.2529955    12.5376692353186
0712102120856    59    4.6875    5.376799    0.2529955    12.6329466957175
0712102120956    59    4.6875    4.282278    0.1897466    12.8350200281125
0712102121146    59    4.6875    4.731168    0.3162443    12.8128215338906
0712102121246    59    4.6875    4.760082    0.2529955    12.5385249627875
0712102121346    59    5.46875    6.236073    0.2529955    12.9883775310502
0712102121446    59    5.46875    6.971964    0.1897466    12.1834123308172
0712102121546    59    5.46875    6.814386    0.1264977    12.4451712209389
0712102121646    55    16.40625    7.475437    1.075231    11.4126118064454
0712102121746    59    5.46875    4.825562    0.1897466    12.690314038865
0712102121836    59    5.46875    0.575442    0.1897466    12.6103937328598
0712102121936    59    5.46875    3.775311    0.1264977    12.726098295174
0712102122036    59    5.46875    5.174642    0.06324887    12.8596973879518
0712102122136    59    5.46875    5.843979    0.06324887    12.8763970694027
0712102122726    59    5.46875    1.953519    -0.06324863    12.8655158029708
0712102122826    59    5.46875    10.23011    -0.06324887    12.9941638712737
0712102123326    59    5.46875    5.99924    -0.06324887    13.4805310302071
0712102123416    59    5.46875    -0.4486799    -0.06324887    12.2798292934798
0712102123916    59    5.46875    3.757477    0.06324863    13.3415668472901
0712102124606    59    5.46875    4.037349    0.06324887    12.3722558735419
0712102124806    59    5.46875    4.968135    0.06324887    12.4550518338264
0712102125396    59    5.46875    0.7743405    -0.06324863    12.4188419484897
0712102132597    60    3.90625    5.727302    0.2529955    13.4283430472927
0712102132697    60    3.90625    8.952312    0.3794932    13.1934331302982
0712102132797    60    3.90625    8.357743    0.3794932    12.9803743233775
0712102132897    60    3.90625    4.905563    0.5059909    13.2978769143532
0712102132997    60    3.90625    4.597094    0.6324887    13.2078377187484
0712102133087    60    3.90625    1.327948    0.6957375    12.3533863440115
0712102133187    60    3.90625    4.293185    0.5692398    12.8108252358098
0712102133287    60    3.90625    3.467325    0.5059909    12.9898529015667
0712102133387    60    3.90625    8.525399    0.442742    13.1962337109424
0712102133487    60    3.90625    5.832886    0.5059909    12.9690216961523
0712102133587    60    3.90625    7.098015    0.5059909    13.6258637277498
0712102133687    60    4.6875    0.6922517    0.5059909    13.2907164025494
0712102133877    60    4.6875    4.343233    0.6324887    13.3561578004116
0712102133977    60    4.6875    5.110749    0.3794932    13.1878810658623
0712102134077    60    4.6875    4.080101    0.3162443    13.7527761775418
0712102134177    60    4.6875    6.185473    0.2529955    13.5669989806555
0712102134277    60    4.6875    5.523194    0.2529955    13.6437018179721
0712102134477    60    4.6875    4.906274    0.2529955    13.2399640916024
0712102134577    60    4.6875    3.881385    0.1897466    13.482141208886
0712102134667    60    4.6875    4.861467    0.06324887    13.4684655945171
0712102134867    60    4.6875    6.355092    -0.06324863    12.665909320909
0712102134967    60    4.6875    8.316901    0    12.9535375082258
0712102135167    60    4.6875    5.224336    -0.06324887    13.5799192758988
0712102135357    60    4.6875    2.189234    -0.1264977    12.9455871788241
0712102135457    60    4.6875    6.334095    -0.1264977    13.3980950379661
0712102135557    60    4.6875    5.74951    0.1264973    13.2445466137077
0712102135657    60    4.6875    4.940901    -0.2529955    13.0262475406697
0712102135657    61    15.625    13.07772    -1.13848    10.9214169101705
0712102135757    61    15.625    12.52219    -1.13848    11.6517388731492
0712102135857    61    15.625    9.539664    -1.13848    11.8466268527
0712102135957    61    15.625    9.827185    -1.264977    11.7711454631369
0712102136047    61    14.84375    5.169755    -1.517973    11.8743118254415
0712102136247    61    14.84375    9.007795    -1.201728    12.4043343547123
0712102136347    60    4.6875    0.9761526    -0.5692398    12.8446181652378
0712102136447    60    4.6875    -0.9260163    -0.6957375    13.0757268068767
0712102136447    61    14.84375    13.45431    -1.264977    12.3871311182897
0712102136547    60    4.6875    7.82334    -1.13848    12.8091361149386
0712102136547    61    14.84375    8.637878    -1.391475    12.3431890004197
0712102136747    61    14.0625    10.57825    -1.201728    12.4386520934248
0712102136937    60    3.90625    3.817847    -0.5692398    12.8760113510205
0712102137037    60    3.90625    4.155618    -0.8222352    12.6035568538972
0712102137037    61    14.0625    4.859049    -1.517973    12.0442153747981
0712102137137    60    3.90625    3.67107    -0.7589864    12.7220741784128
0712102137237    60    3.90625    3.430657    -0.7589864    12.7751345802924
0712102137337    60    3.90625    1.599908    -0.8538597    12.3983629251697
0712102137437    61    13.28125    12.39259    -1.328226    11.7858528937588
0712102137727    60    3.90625    0.6792054    -0.5692398    12.4847545891896
0712102137727    61    13.28125    9.564175    -1.328226    12.1425879553504
0712102137827    60    3.515625    1.168925    -0.6008642    11.1744230115966
0712102137927    61    12.5    4.248431    -1.328226    12.0800115289438
0712102138027    61    12.5    7.063762    -1.391475    12.4878072680665
0712102138127    61    12.5    9.371797    -1.64447    11.8904353339488
0712102138417    60    3.125    -4.639846    -0.6957375    10.310930373404
0712102138517    60    3.125    -0.4509872    -0.7589864    10.1988640682359
0712102138617    60    3.125    -4.471031    -0.8222352    10.071291786977
0712102138617    61    11.71875    8.449213    -1.581222    12.2687264105873
0712102138817    61    11.71875    8.78005    -1.264977    12.5476970128652
0712102138917    61    10.9375    8.604575    -1.328226    12.5699724942915
0712102139017    61    10.9375    5.262793    -1.454724    12.816161021899
0712102139117    61    10.9375    9.864074    -1.64447    12.1477247166169
0712102139117    62    15.625    -14.0574    0.7589864    10.3257217891999
0712102139207    63    5.46875    5.180104    0.06324887    12.5150501500676
0712102139307    62    15.625    -14.45032    0.6957375    10.1493721466617
0712102139307    63    5.46875    3.613688    0.1897466    12.5362584609157
0712102139407    61    10.9375    13.42389    -1.328226    12.663024750971
0712102139407    63    5.46875    5.042731    -7.950254    13.106696399683
0712102139607    61    10.15625    8.374038    -1.517973    11.9658266999063
0712102139707    61    10.15625    12.61535    -1.517973    12.4607230855153
0712102139807    61    10.15625    9.823513    -1.454724    12.752050872438
0712102139807    66    10.9375    23.82851    -1.328226    12.21400878906
0712102139897    66    10.9375    22.83823    -1.328226    12.4138665124564
0712102139997    61    9.375    6.126786    -1.454724    12.6343172968783
0712102139997    66    10.15625    17.88455    -1.328226    12.3067603237995
0712102140097    66    10.15625    22.86485    -1.391475    12.3666179280442
0712102140197    66    10.15625    19.74408    -1.454724    11.9549746725266
0712102140297    66    9.375    13.02723    -1.264977    12.7999149548124
0712102140497    61    8.59375    2.496668    -1.391475    12.422087757156
0712102140597    61    8.59375    5.209664    -1.517973    12.4540289556641
0712102140687    61    8.59375    6.817404    -1.707719    12.7677576012894
0712102140687    66    9.375    21.98749    -1.454724    11.7135991867729
0712102140887    61    8.59375    5.402537    -1.454724    12.5897330479308
0712102140987    61    8.59375    11.01264    -1.391475    13.04986777146
0712102140987    66    9.375    20.10818    -1.264977    12.0399145178456
0712102141087    61    7.8125    7.419056    -1.517973    13.0664406537635
0712102141187    61    7.8125    5.99176    -1.581222    12.444344704263
0712102141187    66    8.59375    21.27963    -1.454724    12.0395769697041
0712102141287    66    8.59375    25.13177    -1.264977    12.4204944038141
0712102141377    61    7.8125    10.92669    -1.264977    12.9532289988666
0712102141477    61    7.8125    15.92871    -1.075231    12.4711782731664
0712102141578    60    5.46875    1.100982    -4.570192    11.9836912222384
0712102141578    61    7.03125    6.592998    -1.391475    13.1432441613627
0712102141678    61    7.03125    12.32416    -1.517973    12.5769333076507
0712102142168    61    6.25    4.59525    -1.454724    12.7559067696604
0712102142268    61    6.25    6.010571    -1.391475    12.7421197386633
0712102142368    61    6.25    9.963279    -1.264977    12.7680450972009
0712102142468    61    6.25    5.063717    -1.328226    12.955600499514
0712102142768    61    5.46875    3.604228    -1.454724    12.846127765622
0712102142858    61    5.46875    6.502336    -1.328226    13.0697932947849
0712102142958    61    5.46875    6.413106    -1.328226    13.7597861691809
0712102143058    61    5.46875    4.770353    -1.454724    13.4291276432593
0712102143158    61    5.46875    7.668609    -1.517973    12.9221452297422
0712102143358    61    6.25    6.230827    -1.13848    12.5031160290892
0712102143458    61    4.6875    5.579906    -1.264977    13.4318599334488
0712102143548    61    4.6875    2.151795    -1.328226    13.2994451613428
0712102143648    61    4.6875    8.615406    -1.391475    12.8417832200908
0712102143748    61    4.6875    11.35198    -1.517973    12.9086972093417
0712102143948    61    3.90625    7.587287    -1.264977    13.1748363890433
0712102144048    61    3.90625    3.430639    -1.328226    13.6112227773777
0712102144148    61    3.90625    2.484983    -1.391475    13.81616423549
0712102144248    61    3.90625    5.289779    -1.454724    13.5035703557912
0712102144438    61    3.125    6.766947    -1.201728    13.4054673224925
0712102144538    61    3.125    5.429069    -1.201728    13.163856386603
0712102144638    61    3.125    4.557049    -1.328226    12.7727287516654
0712102144738    61    3.125    9.698362    -1.454724    13.2006078092219
0712102144938    61    3.125    1.744468    -1.201728    13.4703751244173
0712102145038    61    3.125    -1.257523    -1.264977    12.9199893073936
0712102145128    61    2.34375    6.131317    -1.328226    13.1313724526935
0712102145228    61    2.34375    9.58769    -1.201728    12.6991335329395
0712102145328    61    2.34375    1.182248    -1.075231    12.925012666742
0712102145528    61    2.34375    3.297038    -1.011982    13.5132835491459
0712102145628    70    5.46875    5.829878    -8.076752    12.1359271074578
0712102145728    61    2.34375    5.796776    -1.897466    11.4699365119917
0712102154408    71    3.125    2.335735    -0.3794932    12.9994995655876
0712102154508    71    3.125    7.408336    -0.3794932    12.8521728745366
0712102154608    71    3.125    3.893375    -0.3162443    13.0906872309309
0712102154708    71    3.125    6.585933    -0.3162443    13.244087228931
0712102154808    71    3.125    8.163381    -7.887005    13.054572713309
0712102154898    71    3.125    5.346142    -0.2529955    13.2385705511919
0712102155098    71    3.125    4.086453    -0.3794932    13.0966071900592
0712102201419    74    1.5625    5.989155    0.06324887    13.231874918074
0712102201519    74    1.5625    -1.67447    0.06324887    12.6479165201535
0712102201809    74    1.5625    2.88559    8.076752    12.9204026477089
0712102202009    74    1.5625    4.582703    8.076752    13.2360441811784
0712102202109    74    1.5625    6.946279    8.076752    12.9091854110836
0712102202299    74    1.5625    11.82856    8.076752    12.8331006222986
0712102211279    78    1.5625    2.572303    0.06324887    13.4496457997456
0712102211379    78    1.5625    3.587137    0.06324887    13.2427390827449
0712102211479    78    1.5625    4.0042    0.06324887    12.8397802079272
0712102211980    78    1.5625    1.680572    8.076752    12.901802430512
0712102212270    78    1.5625    0.6137195    8.076752    13.0705723495736
0712102213850    78    1.5625    4.815758    8.076752    13.4463501101458
0712102213950    78    1.5625    2.819327    -0.06324863    13.203188029775
0712102214050    78    1.5625    3.316657    -0.06324887    13.4065445718832
0712102214150    78    1.5625    3.497834    -0.06324887    13.4827426618877
0712102214340    78    1.5625    1.918424    -0.06324887    13.2102251768347
0712102214840    78    1.5625    8.057505    -0.06324887    13.3406273661803
0712102214940    78    1.5625    7.030003    -0.06324887    13.8146177512206
0712102215030    78    1.5625    3.171686    -0.1264977    13.5145060746688
0712102215130    78    1.5625    1.63315    -0.1264977    13.5266707932028
0712102215230    78    1.5625    -0.1784614    -0.1264977    13.553629580302
0712102215330    78    1.5625    -0.7937877    -0.1264977    13.3877729665583
0712102215430    78    1.5625    3.716869    -0.06324887    13.4521138340944
0712102215530    78    1.5625    9.958629    -0.06324887    13.6781426845607
