0712104453212    109    10.9375    7.18197    -0.2529955    12.8717321921696
0712104454302    112    10.9375    4.724998    -0.5692398    12.6837631958316
0712104454402    112    10.9375    5.515685    -0.6324887    12.8245161069584
0712104454692    112    10.15625    9.314146    -0.9487329    12.3992689091522
0712104454992    112    10.15625    8.835609    -0.9487329    12.8939359718618
0712104455192    114    5.46875    3.126653    -2.656453    12.4743802032332
0712104455282    114    5.46875    4.761777    -2.78295    12.4551435181335
0712104455382    112    9.375    1.434146    -0.9487329    12.8192736635146
0712104455482    112    9.375    5.45622    -0.9487329    12.6412070701472
0712104455482    114    4.6875    -0.1888176    -2.529955    12.7623830990673
0712104455582    114    4.6875    2.858961    -2.656453    12.7544734949191
0712104455682    112    9.375    7.933539    -1.13848    12.6457968686198
0712104455682    114    4.6875    1.27297    -2.656453    12.8063746677461
0712104455782    114    3.90625    4.273764    -2.340208    12.6881078849493
0712104455882    114    3.90625    3.512978    -2.276959    12.8161885142539
0712104455972    114    3.90625    0.7841634    -2.403457    13.0472716623093
0712104456072    112    8.59375    0.9184228    -0.9487329    12.838264985113
0712104456172    112    8.59375    3.151118    -0.9487329    13.3301563319758
0712104456272    112    8.59375    7.382486    -1.011982    12.9941488006009
0712104456272    114    3.125    3.37944    -1.770968    12.5331409789519
0712104456372    112    8.59375    4.54604    -1.264977    12.8804623752655
0712104456472    114    2.34375    0.6560111    -1.834217    11.5052028734829
0712104456762    112    7.8125    6.270432    -1.011982    13.2328222528061
0712104456862    112    7.8125    5.459734    -1.13848    13.3586443442128
0712104456962    112    7.8125    5.909324    -1.328226    13.1225971817751
0712104457162    112    7.8125    2.300028    -1.075231    13.0951114995792
0712104457262    112    7.8125    5.737152    -1.011982    13.4275486756315
0712104457452    112    7.03125    5.830288    -1.391475    12.8035493139884
0712104457752    112    7.03125    1.121316    -1.13848    12.7845071064127
0712104457852    112    7.03125    5.734061    -1.201728    13.3603652442022
0712104458052    112    6.25    6.148782    -1.517973    13.0641203901403
0712104458242    112    6.25    6.742435    -1.13848    13.459315338226
0712104458342    112    6.25    7.428054    -1.13848    13.4417608381989
0712104458442    112    6.25    9.050659    -1.264977    12.8718993265247
0712104458542    112    6.25    5.872008    -1.454724    13.2314748007219
0712104458642    112    6.25    6.533593    -1.328226    12.4819778719847
0712104458742    112    5.46875    4.862697    -1.13848    13.0999947631055
0712104458842    112    5.46875    5.30396    -1.201728    13.047739367281
0712104458942    112    5.46875    1.745431    -1.264977    13.2268047303227
0712104459032    112    5.46875    3.083311    -1.391475    12.7691578540396
0712104459332    112    4.6875    6.697078    -1.13848    12.9699167989047
0712104459432    112    4.6875    5.862055    -1.201728    13.7373495818672
0712104459532    112    4.6875    4.503717    -1.328226    13.2847647053187
0712104459632    112    4.6875    2.357667    -1.454724    12.8106386666823
0712104459722    112    4.6875    -0.5391994    -1.13848    12.8035553406415
0712104459822    112    4.6875    0.8628089    -1.201728    13.2439755984906
0712104459922    112    3.90625    0.05313456    -1.264977    12.9428237913922
0712104500022    112    3.90625    3.183125    -1.328226    13.221264653804
0712104500122    112    3.90625    4.566527    -1.4231    13.2484834153313
0712104500222    112    3.90625    6.731299    -1.264977    13.8864028827794
0712104500322    112    3.90625    7.396618    -1.13848    13.8033898240281
0712104500422    112    3.90625    7.582602    -1.201728    13.697565110319
0712104500612    112    3.125    6.066272    -1.454724    13.0626448302001
0712104500712    112    3.125    8.818739    -1.328226    13.248254043856
0712104500812    112    3.125    1.590005    -1.264977    13.0557256734745
0712104501202    112    2.34375    -1.661488    -1.264977    13.3413164739612
0712104501992    115    1.5625    3.044691    -0.9487329    12.2429688375481
0712104502092    115    1.5625    8.216304    -0.8854841    12.6229872602368
