0712104032174    68    3.90625    2.080878    -8.076752    13.4941790048249
0712104032274    68    3.90625    1.480162    -8.013503    12.975748214836
0712104032374    68    3.90625    4.501634    -8.076752    12.8725789931808
0712104032574    68    3.90625    2.93376    -0.1264977    12.4119903364662
0712104032674    68    3.90625    0.1226313    -0.2529955    13.280027991892
0712104032764    68    3.90625    2.318901    -0.3794932    12.5836664079176
0712104032864    68    3.90625    0.3851331    -0.5692398    11.8945961511753
0712104032964    68    3.90625    2.77324    -0.5692398    12.5724144469266
0712104033064    68    3.90625    2.202666    -0.3162443    12.692956707983
0712104033364    68    3.90625    6.995945    0.5692396    12.346278094501
0712104033464    68    3.90625    9.631871    0.442742    12.7271666159793
0712104033854    68    3.90625    16.79924    -0.1264973    12.3462941999753
0712104034054    68    3.90625    11.90922    -0.06324887    12.3611146038033
0712104034154    68    3.90625    9.507915    0.06324863    12.1929544802948
0712104034244    68    3.90625    13.05677    0.1897466    12.4583780295251
0712104034344    68    3.90625    9.853606    0.2529955    12.212355862304
0712104034444    68    3.90625    13.43008    0.1897466    12.1041056922882
0712104034544    68    3.90625    18.67377    0.06324887    12.2247739236188
0712104035234    68    3.90625    25.08705    -0.06324863    11.7520081395364
0712104036124    69    9.375    5.042519    -1.454724    11.7801733608288
0712104036224    69    9.375    0.07292027    -1.64447    12.6519387455938
0712104036324    69    9.375    5.821661    -1.707719    12.5070275314312
0712104036424    69    8.59375    5.630932    -1.834217    11.2590303940954
0712104036514    69    8.59375    5.212811    -1.960715    12.0910515956132
0712104036614    69    8.59375    8.394464    -2.023964    12.2935041586285
0712104036714    69    8.59375    7.196857    -2.150461    11.6155432033776
0712104036814    69    7.8125    5.665803    -2.21371    11.8544160995997
0712104037014    69    7.8125    10.26347    -2.403457    11.8772505678638
0712104037114    69    7.03125    9.992786    -2.403457    12.1090435062399
0712104037214    69    7.03125    10.60927    -2.466706    12.535649348893
0712104037304    69    7.03125    11.20075    -2.529955    12.3196454494154
0712104037404    69    7.03125    11.63751    -2.593204    11.6205967093399
0712104037504    69    6.25    13.06766    -2.656453    11.4478503368042
0712104037604    69    6.25    13.37106    -2.656453    11.6022722771399
0712104037704    69    6.25    16.16191    -2.719701    11.165119663535
0712104037804    69    5.46875    20.83527    -2.78295    10.9149566825444
0712104037904    69    5.46875    18.14598    -2.719701    10.8908688043823
0712104038104    69    4.6875    20.1675    -2.909448    10.835405272358
0712104038985    70    3.90625    14.80433    8.076752    12.5947378452142
0712104039085    70    3.90625    13.6873    8.076752    12.2726580210663
0712104039185    70    3.90625    13.22779    8.076752    12.8992946029855
0712104039385    70    3.90625    16.64104    8.013503    11.9906478418961
0712104041845    70    3.90625    2.71094    0.5692398    12.9184207251347
0712104041945    70    3.90625    6.250335    0.2529955    12.6599817828832
0712104042045    70    3.90625    5.870671    0.1264977    13.316475677778
0712104042245    70    3.90625    2.499105    -0.1264973    13.0409388326062
0712104042345    70    3.90625    4.31699    -0.1264977    13.4895279916279
0712104042445    70    3.90625    5.796961    -0.06324887    13.1048199305281
0712104042545    70    3.90625    -0.9564157    -0.1264977    12.7946199103138
0712104042735    70    3.90625    3.028871    0.1897464    13.5389073065421
0712104042835    70    3.90625    5.84774    0.3794932    13.0729538200341
0712104042935    70    3.90625    5.666512    0.442742    12.8536868042691
0712104043035    70    3.90625    1.847746    0.3162443    12.8537598596722
0712104043135    70    3.90625    1.294658    0.1264977    13.2615449571727
0712104043325    70    3.90625    -0.8097203    -0.06324863    13.7150698177948
0712104043425    70    3.90625    -1.020254    -0.1264977    13.7136123975838
0712104043525    70    3.90625    -0.1009232    -0.1264977    13.5327163700697
0712104043625    70    3.90625    -1.326147    -0.1264977    13.6912466232379
0712104043725    70    3.90625    -4.606078    -0.1264977    13.2255866209325
