0712104416299    105    12.5    7.480342    -1.391475    12.4945505164811
0712104416399    105    12.5    6.257761    -1.328226    12.2102563565827
0712104416499    105    12.5    6.901883    -1.328226    12.3220951088438
0712104416899    105    11.71875    4.920847    -1.328226    12.2933235469041
0712104416989    105    11.71875    4.281933    -1.328226    12.592454440801
0712104417189    105    11.71875    2.58344    -1.897466    12.0772634687453
0712104417289    105    11.71875    2.302308    -1.897466    11.9549265297521
0712104417389    105    10.9375    2.845572    -1.201728    12.6078711832098
0712104417489    105    10.9375    2.953259    -1.201728    12.6102497290352
0712104417589    105    10.9375    1.19821    -1.834217    11.8904785657133
0712104418079    105    10.15625    5.148086    -1.201728    12.5277336447317
0712104418569    105    9.375    4.924513    -1.075231    12.8089413108854
0712104418669    105    9.375    4.897338    -1.201728    12.5806102519301
0712104418969    105    8.59375    7.698413    -1.707719    12.1455580418909
0712104419459    105    8.59375    6.211952    -1.075231    13.037357354648
0712104419559    105    8.59375    9.880178    -1.13848    13.0774559805544
0712104419859    105    7.8125    3.835503    -1.264977    12.8479419814487
0712104419949    105    7.8125    2.705308    -1.201728    12.6464860443748
0712104420049    105    7.8125    7.865091    -1.13848    12.8312030693857
0712104420149    105    7.8125    7.270847    -1.13848    13.1044643034621
0712104420249    105    7.8125    6.58085    -1.391475    12.6223266447825
0712104420749    105    7.03125    4.402606    -1.454724    12.9010292949626
0712104420839    105    7.03125    5.273234    -1.13848    13.1270366858806
0712104421139    105    6.25    3.890807    -1.13848    12.9205210205635
0712104421239    105    5.859375    4.346994    -1.359851    12.6061143164138
0712104421339    105    5.859375    2.690258    -1.391475    12.7748716683964
0712104421439    105    4.6875    2.774204    -1.581222    13.0352743907805
0712104421529    105    4.6875    2.396266    -1.707719    12.4496306928505
0712104421729    105    5.078125    2.863207    -1.454724    12.7700842575396
0712104421829    105    5.46875    9.222921    -1.328226    12.9704932729141
0712104421929    105    5.46875    6.055638    -1.201728    13.2930268267838
0712104422029    105    5.46875    2.589969    -1.13848    12.8412943583413
0712104422129    105    5.46875    4.193532    -1.13848    13.6525373373387
0712104422229    105    5.46875    4.727904    -1.201728    13.768851206592
0712104422319    105    5.46875    4.719322    -1.454724    12.9820159701876
0712104422419    105    4.6875    7.486527    -1.328226    13.0917246238579
0712104422519    105    4.6875    6.60822    -1.13848    13.286826090613
0712104422619    105    4.6875    5.021948    -1.13848    13.1597379798902
0712104422719    105    4.6875    6.672093    -1.13848    13.1518557650115
0712104422820    105    4.6875    3.99444    -1.328226    12.919513319692
0712104422920    105    4.6875    7.318238    -1.517973    12.8626771004393
0712104423020    105    3.90625    4.743135    -1.13848    12.8520947191978
0712104423110    105    3.90625    4.252307    -1.011982    13.0183579163818
0712104423210    105    3.90625    5.219008    -1.011982    12.8452953853783
0712104423310    105    3.90625    6.458901    -1.075231    12.8131563165032
0712104423410    105    3.90625    4.719175    -1.328226    13.291559749231
0712104423510    105    3.90625    6.678997    -1.328226    12.772252265481
0712104423800    105    3.125    4.663255    -1.011982    12.4443620195333
0712104423900    105    3.125    2.424142    -1.011982    12.426394394253
0712104424000    105    3.125    3.488475    -1.264977    12.4166127149726
0712104424100    105    3.125    8.607087    -1.517973    12.4667856520885
0712104424500    105    2.34375    3.966609    -1.011982    11.8796420646576
0712104424690    105    2.34375    7.7926    -1.581222    11.0407894483912
