0712104524104    121    17.1875    10.22496    -1.264977    12.2301226956815
0712104524204    121    17.1875    7.779984    -1.328226    11.9353328984224
0712104524504    121    16.40625    11.4213    -1.328226    11.5977790387611
0712104524504    122    17.1875    -12.22768    -1.264977    11.6622616747698
0712104524504    123    14.0625    12.08959    -2.593204    12.1847461576546
0712104524694    123    13.28125    9.657563    -2.340208    11.9389293840434
0712104524794    123    13.28125    11.32797    -2.529955    11.999183848783
0712104524894    122    16.40625    -16.81423    -1.517973    11.4652089444237
0712104524994    121    15.625    5.636464    -1.391475    12.0595166946126
0712104525284    123    11.71875    5.870988    -2.719701    11.5477786802229
0712104525584    121    14.84375    6.130436    -1.391475    12.184974156888
0712104525584    123    10.9375    5.153386    -2.529955    12.2956469451821
0712104525684    121    14.84375    0.5494159    -1.454724    11.8901288317092
0712104525684    122    15.625    -22.61826    -1.391475    11.3892950592309
0712104526174    121    14.0625    4.278674    -1.454724    12.2137811558587
0712104526274    121    14.0625    8.736593    -1.454724    11.8566465007667
0712104526374    123    9.375    6.925632    -2.466706    12.3525073820069
0712104526474    121    13.28125    7.648389    -1.328226    12.0790706360348
0712104526474    123    9.375    9.645771    -2.529955    12.5553571282117
0712104526574    121    14.0625    2.546907    -1.264977    11.1097823314182
0712104526574    123    8.59375    11.36827    -2.846199    12.3394171096137
0712104526674    121    13.28125    9.920963    -1.517973    12.0875651280212
0712104526764    121    13.28125    8.359957    -1.64447    12.1113772985691
0712104527164    121    12.5    8.247848    -1.391475    12.5523449307783
0712104527164    123    7.03125    4.660827    -2.340208    12.3026330358797
0712104527264    121    12.5    3.093416    -1.517973    12.3390670305111
0712104527264    123    7.03125    0.775866    -2.466706    12.3115657908814
0712104527364    123    7.8125    10.24424    -2.087213    11.4419474407754
0712104527654    121    11.71875    3.367411    -1.391475    12.6826593951527
0712104527754    121    11.71875    6.28473    -1.517973    12.4873682785615
0712104527754    123    7.03125    7.158236    -2.023964    11.1927941634096
0712104527854    121    11.71875    6.823587    -1.834217    12.6513036416799
0712104527854    123    5.46875    2.859588    -2.593204    12.2171414628414
0712104527954    121    11.71875    0.4183478    -1.454724    12.3660529275931
0712104528054    121    10.9375    3.797343    -1.391475    12.4255411593585
0712104528054    123    4.6875    0.0359405    -2.21371    12.560053517406
0712104528154    121    10.9375    4.522768    -1.517973    12.5587284248072
0712104528244    121    10.9375    7.98225    -1.64447    12.5566168992461
0712104528244    123    4.6875    2.708387    -2.466706    12.9449110387673
0712104528444    123    3.90625    1.64201    -2.087213    12.8990145738185
0712104528544    123    3.90625    2.266572    -2.150461    13.4204917132658
0712104528644    121    10.15625    4.82666    -1.391475    13.1393732823921
0712104528644    123    3.90625    0.1561576    -2.150461    13.4954168194686
0712104528744    121    10.15625    5.95615    -1.517973    13.3037822378454
0712104528744    123    3.125    1.366695    -2.150461    12.764071657117
0712104528844    121    10.15625    5.2308    -1.770968    12.7637036160954
0712104528844    123    3.125    4.675875    -1.581222    12.4233021319395
0712104528944    121    10.15625    10.15927    -1.454724    12.3870734082623
0712104529234    121    9.375    5.342523    -1.581222    12.5399824438289
0712104529334    121    9.375    9.086683    -1.707719    12.4674245284506
0712104529824    121    8.59375    8.659489    -1.770968    12.583213274125
0712104529924    121    8.59375    3.013548    -1.517973    12.5670164652985
0712104530324    121    7.8125    0.4387595    -1.834217    12.7296821381629
0712104530424    121    7.8125    3.008047    -1.454724    13.3001067633142
0712104530614    121    7.03125    1.380359    -1.517973    12.8577663705501
0712104530714    121    7.03125    3.458487    -1.64447    13.0149475480619
0712104530814    121    7.03125    4.541042    -1.834217    12.7991047405269
0712104530914    121    7.03125    4.357832    -1.391475    12.9862293246025
0712104531014    121    7.03125    2.902976    -1.391475    13.3237746647124
0712104531114    121    6.25    5.808743    -1.391475    13.6278063084873
0712104531214    121    6.25    6.120725    -1.64447    12.7498221686463
0712104531404    121    6.25    7.529028    -1.391475    13.3879107539373
0712104531504    121    6.25    2.455791    -1.391475    13.1513606677763
0712104531604    121    5.46875    -0.8823333    -1.454724    12.9443806557049
0712104531704    121    5.46875    1.851704    -1.517973    13.0736410996355
0712104531704    124    7.03125    6.197936    -1.264977    11.5948484513668
0712104531804    121    5.46875    7.044663    -1.454724    13.0574708560477
0712104531904    121    5.46875    6.094428    -1.328226    13.7541798849727
0712104532004    121    5.46875    6.299501    -1.264977    13.6770596598294
0712104532194    121    4.6875    5.113204    -1.581222    12.2128487821019
0712104532294    121    4.6875    6.508254    -1.64447    12.5788573642643
0712104532294    124    8.59375    3.662395    -2.719701    9.9903485323653
0712104532694    121    4.6875    4.943787    -1.517973    12.6193542672432
0712104532784    121    3.90625    6.958023    -1.64447    12.9248672021985
0712104532984    121    3.90625    7.819932    -1.264977    13.3401136577721
0712104533084    121    3.90625    6.417613    -1.201728    13.5174667425441
0712104533184    121    3.90625    7.484011    -1.201728    12.8236718312749
0712104533484    121    3.125    3.902333    -1.391475    12.8737386232331
0712104533574    121    3.125    7.880643    -1.264977    13.3339016849494
0712104533974    121    2.34375    7.784986    -1.011982    11.6985426951663
0712104534264    121    2.34375    3.458557    -1.201728    10.5786962129811
