0717182728915    3    8.59375    -4.795    -0.8222352    10.9584511959615
0717182729014    3    8.59375    -1.512538    -0.8854841    10.3666121260884
0717182729309    4    4.6875    4.439327    6.052788    10.5494269285387
0717182729407    5    4.6875    6.614635    -2.814574    10.3020145521157
0717182729506    5    4.6875    10.75626    -7.570761    11.8218646866556
0717182729606    4    3.90625    10.04063    2.340208    10.0650505444509
0717182729606    5    4.6875    10.17256    -7.507512    11.0926702884296
0717182729704    4    4.6875    12.36796    0.8854841    11.2661819333542
0717182729704    5    4.6875    10.3782    -0.8222352    9.53747362867637
0717182729803    4    4.6875    13.75613    1.011982    11.3237283206776
0717182729803    5    4.6875    11.4493    -2.403457    9.48125735017061
0717182729901    5    4.6875    11.02311    -6.875023    10.5667093986671
0717182730000    5    4.6875    9.842463    -6.748526    11.1949534313607
0717182730099    5    5.46875    8.384784    -6.748526    11.5533660549701
0717182730198    4    5.46875    6.988477    7.06477    9.67624755230667
0717182730198    5    5.46875    7.633946    -6.938272    11.2796629935525
0717182730296    5    5.46875    5.504953    0.8854841    11.6235623428172
0717182730394    5    5.46875    5.879367    0.5692398    11.3838871722411
0717182730592    5    5.46875    4.487056    -0.1897464    11.7889853332707
0717182730690    4    5.46875    4.416015    4.092073    9.81683431012771
0717182731382    7    4.6875    1.797018    -1.201728    11.418878618327
0717182731481    7    4.6875    1.024901    -1.075231    11.7640371725247
0717182731580    7    4.6875    0.6235139    -0.9487329    12.0944165149447
0717182731678    7    4.6875    -0.2260432    -0.8854841    11.9360397258239
0717182731777    5    3.515625    0.2346897    -6.147661    9.90133854829333
0717182731777    7    4.296875    -1.051612    -1.391475    11.3330377160695
0717182731875    7    4.6875    -0.5037587    -0.7589864    11.935453832355
0717182731973    5    3.125    -1.742795    2.087213    9.81868775558935
0717182731973    7    4.6875    -0.1570079    -0.6324887    12.0344132098663
0717182732073    7    4.6875    -1.308556    -0.5692398    11.4836888194079
0717182732171    9    2.34375    -2.505852    1.011982    9.47477911105233
0717182732271    7    4.6875    -3.417753    -1.770968    9.47009901924515
0717182732271    9    3.125    -1.485211    1.011982    9.82741963557837
0717182732369    7    3.90625    -0.2668864    -0.3162443    11.5778631231252
0717182732369    9    3.125    -0.1554184    1.075231    9.70758021133897
0717182732467    7    3.90625    -0.1479005    -0.2529955    11.731200467729
0717182732467    9    3.125    -1.190238    1.13848    9.80872475378176
0717182732566    9    3.125    -3.741952    2.529955    9.72718758267801
0717182732666    7    3.90625    -0.7070129    -0.1264977    11.7076815725751
0717182732666    9    3.125    -3.472718    3.984679    9.6016708238309
0717182732764    9    3.125    -3.427403    5.546797    9.70538542837313
0717182732863    9    3.125    -3.092152    1.454724    9.84459549385077
0717182732962    5    3.125    -5.71159    -1.201728    9.6806577638275
0717182732962    9    3.125    -3.408726    1.454724    10.2162486552926
0717182733061    5    3.125    -5.603488    -1.13848    9.82500806093838
0717182733061    7    3.90625    -4.424224    0.06324863    12.6671549858698
0717182733061    9    3.125    -2.093215    -6.748526    9.82976765765207
0717182733160    5    3.125    -6.25386    -1.075231    9.89857519367603
0717182733160    7    3.90625    -4.531293    0.1264977    12.5384549888762
0717182733160    9    3.125    -6.105664    -2.403457    10.1018635206093
0717182733160    10    2.734375    -5.095398    1.64447    9.83863727463582
0717182733258    5    3.125    -6.186032    -1.075231    9.97464732151477
0717182733258    7    3.90625    -4.708689    0.1897466    12.2939460033258
0717182733258    9    3.125    -6.727166    -2.403457    10.005889446756
0717182733258    10    3.125    -6.244195    4.408318    9.87468317731282
0717182733356    7    3.90625    -6.461861    0.1897466    12.3407211149865
0717182733356    10    3.90625    -4.939301    2.846199    9.7719190354578
0717182733454    5    3.125    -7.660561    -1.13848    9.82518019468625
0717182733454    7    3.90625    -6.548394    0.2529955    12.0356583805816
0717182733454    10    3.125    -5.386249    1.64447    10.0480961098489
0717182733454    12    3.125    -8.20092    5.673295    9.71079419460128
0717182733651    7    3.90625    -7.582609    0.3162443    11.9462248093696
0717182733651    12    3.125    -9.715842    4.408318    9.67394972383457
0717182733751    10    3.125    -9.562463    1.770968    10.1213214462228
0717182733751    12    3.125    -9.426104    7.254516    9.84897208746783
0717182733850    7    3.90625    -9.947337    0.442742    11.5567225790803
0717182733949    10    3.90625    -10.98401    1.897466    10.1061874527857
0717182733949    12    3.125    -11.37054    7.381014    9.80629787014831
0717182734047    10    3.90625    -11.78114    6.052788    9.74850182108749
0717182734145    7    4.6875    -9.400201    0.5059909    11.3780106928805
0717182734145    10    3.90625    -11.55509    6.116036    9.87488845744848
0717182734145    12    3.125    -13.11587    2.087213    9.68075851343953
0717182734245    5    3.90625    -13.31511    -2.023964    9.77838369076329
0717182734245    10    3.90625    -12.07933    4.724562    9.7260932878556
0717182734245    12    3.125    -13.37539    3.35219    9.64196072706553
0717182734245    13    8.59375    -11.26124    1.264977    9.98415677299476
0717182734343    7    4.6875    -12.05215    0.5692398    11.7373509481233
0717182734343    12    3.90625    -14.19228    5.989539    9.8460154093872
0717182734343    13    9.375    -11.437    1.328226    9.62572883491613
0717182734441    12    3.90625    -14.93967    4.724562    9.73195264993696
0717182735131    13    10.15625    -15.56119    1.834217    9.90811579010236
0717182739475    15    8.59375    23.36251    1.264977    9.16317067383351
0717182739573    15    8.59375    22.7614    1.264977    9.59781789760583
0717182739671    15    8.59375    21.78663    1.328226    9.37918766761255
0717182739770    15    8.59375    23.00394    1.328226    9.3351268191648
0717182739868    15    9.375    23.01795    1.391475    9.56091259713574
0717182740065    15    9.375    23.96828    1.454724    9.44891169882687
0717182740165    15    9.375    23.63473    1.517973    9.70676845784281
0717182740263    15    9.375    22.7295    1.581222    9.32646766845016
0717182740362    15    9.375    22.2655    1.64447    10.4072663287478
0717182740560    15    10.15625    23.61307    1.707719    11.3693412657812
0717182740658    15    10.15625    21.61718    1.64447    10.8677632847244
0717182740757    15    10.15625    22.48352    1.391475    9.60996181811263
0717182740856    15    10.15625    23.09069    1.328226    10.1839988937877
0717182740954    15    10.15625    23.66586    1.264977    9.54216562602862
0717182741152    15    10.9375    21.37276    1.13848    10.1224035322674
0717182741250    15    10.9375    23.33414    1.075231    10.1761975021297
0717182741349    15    10.9375    21.69655    1.075231    10.3036280632644
0717182741448    15    10.9375    20.03038    1.13848    10.0179870128709
0717182741546    15    10.9375    23.18167    1.13848    10.2906002003882
0717182741842    15    11.71875    22.18447    1.201728    9.99830697765092
0717182741941    15    11.71875    21.62976    1.201728    9.38858855021741
0717182742041    15    11.71875    21.3551    1.264977    9.46086379986848
0717182742139    15    11.71875    20.36435    1.264977    9.45252580071035
0717182743027    15    13.28125    15.50307    1.13848    9.67666070371203
0717182743125    15    13.28125    23.59982    1.13848    9.57649957639699
0717182743323    15    13.28125    21.43612    1.075231    9.82995973178102
0717182743422    15    13.28125    19.53416    1.011982    9.85584340847511
0717182744211    15    14.0625    22.33164    0.7589864    9.91714150227191
0717182750034    18    14.0625    23.0989    -0.7589864    11.5560461387163
0717182750132    18    14.0625    23.25164    -0.7589864    11.0713125007769
0717182750231    18    14.0625    23.78663    -0.7589864    10.993032844559
0717182750329    18    14.0625    23.41165    -0.8222352    11.3421775420949
0717182750429    18    14.0625    23.7756    -0.8222352    11.9583875447732
0717182750528    18    14.0625    23.90776    -0.8854841    11.8074790354496
0717182750627    18    14.0625    24.32882    -0.8854841    11.8147467301281
0717182750725    18    14.0625    24.3897    -0.8854841    11.0031270397561
0717182750824    18    13.28125    25.11013    -0.8854841    11.4156930502196
0717182751514    19    13.28125    -20.4837    -0.8854841    9.82022248973704
0717182751613    19    13.28125    -19.27263    -0.8854841    9.91544931639162
0717182751712    19    12.5    -19.15016    -0.8222352    10.6344530639941
0717182751811    19    12.5    -18.23416    -0.8222352    11.282895729778
0717182751909    19    12.5    -17.13275    -0.8222352    10.3527734099625
0717182752008    19    12.5    -15.89377    -0.7589864    10.1027237365478
0717182752205    19    12.5    -14.16083    -0.8222352    10.5081710186703
0717182752304    19    12.5    -12.68485    -0.7589864    10.4408868170582
0717182752403    19    12.5    -11.70872    -0.8222352    10.4573876636266
0717182752502    19    12.5    -10.78127    -0.9487329    11.1807829719908
0717182752600    19    12.5    -10.06643    -1.011982    11.2075484766212
0717182752699    19    12.5    -9.064525    -1.13848    10.991847578324
0717182752798    19    11.71875    -8.476696    -1.201728    11.9271580769589
0717182752897    19    11.71875    -8.472655    -1.264977    11.8871019262013
0717182752994    19    11.71875    -8.529078    -1.264977    10.9194308991279
0717182753093    19    11.71875    -8.660936    -1.328226    10.8173775316781
0717182753292    19    11.71875    -7.888225    -1.391475    10.6324587525076
0717182753390    19    10.9375    -8.252662    -1.454724    10.5194026538026
0717182753488    19    10.9375    -5.902668    -1.454724    10.6898541493119
0717182753685    19    10.9375    -4.98268    -1.517973    10.9167034682369
0717182753784    19    10.9375    -8.607265    -1.517973    10.4690102072177
0717182753883    19    10.9375    -8.251788    -1.581222    10.6860583796516
0717182753982    19    10.15625    -4.641229    -1.581222    11.3178338447734
0717182754081    19    10.15625    -4.831542    -1.517973    11.457450113352
0717182754179    19    10.15625    -3.769119    -1.517973    10.8262503141332
0717182754376    19    9.375    -2.700649    -1.517973    10.9911240561911
0717182754474    19    9.375    -4.452672    -1.517973    11.1763813787111
0717182754574    19    9.375    -8.104452    -1.517973    10.6667380982029
0717182754673    19    9.375    -4.528951    -1.454724    10.9948581866839
0717182754772    19    9.375    -3.833973    -1.517973    10.9006000465652
0717182754871    19    9.375    -0.1448755    -1.517973    10.7516968710063
0717182754969    19    8.59375    -0.01263506    -1.517973    10.6266957164116
0717182755069    19    8.59375    1.855151    -1.328226    10.377243960338
0717182755955    19    7.8125    7.126402    -1.264977    9.9624067526124
0717182756054    19    7.8125    8.117805    -1.264977    10.4288884186029
0717182756154    19    7.8125    6.431654    -1.328226    10.0623065456901
0717182756350    19    7.03125    12.81205    -1.328226    9.48459854600519
0717182757634    19    7.03125    10.35323    -1.897466    10.007402335847
0717182757733    19    7.03125    11.91543    -0.6957375    11.6118816682662
0717182757831    19    7.03125    11.60153    -0.6957375    11.1005104560352
0717182758225    21    5.46875    11.6335    -4.471566    9.73699664118244
0717182758422    21    6.25    11.66644    -1.581222    9.36896192002959
0717182758521    21    6.25    12.91595    -0.1264977    11.3001000797934
0717182758620    21    5.46875    11.15851    -3.858181    9.52963572238088
0717182758818    21    5.46875    9.669157    -3.858181    9.63084789993911
0717182758917    19    6.25    9.706284    0.3162441    12.2591946740371
0717182759015    21    6.25    9.032559    -7.697258    12.1882087481589
0717182759113    21    6.25    8.67282    -7.570761    11.1392515454582
0717182759410    21    7.03125    6.463595    -7.254516    10.2878565379741
0717182759508    21    7.03125    5.680911    -7.128018    10.1861027401684
0717182759706    21    7.03125    6.250086    -7.001521    9.95032726148924
0717182759804    21    7.03125    5.974692    1.201728    9.87287801058106
0717182759903    21    7.03125    3.679869    1.201728    9.38815870846524
