0712103041024    115    3.125    9.833876    0.6957375    12.7640284987712
0712103041124    115    3.125    15.30628    0.3794932    12.2557819230732
0712103041314    115    3.125    14.71483    0.5059909    12.0187714297288
0712103041414    115    3.125    15.41413    0.3794932    12.234415028661
0712103042304    115    3.90625    12.2299    7.950254    11.4931523253088
0712103043094    115    3.125    13.20368    7.570761    11.8862872242756
0712103043194    115    3.125    11.5186    7.381014    11.9390704325553
0712103043394    115    3.125    8.480583    7.570761    12.5104244851263
0712103043484    115    3.125    7.428945    7.570761    12.4856547295352
0712103043584    115    3.125    6.986977    7.381014    12.9842154479956
0712103043684    115    3.125    5.895726    -0.8222351    12.9785294117
